     0
     0
     0
     0
     0
     1
     3
     8
    17
    33
    57
    87
   123
   159
   190
   207
   204
   175
   120
    43
   -43
  -122
  -173
  -176
  -120
    -2
   167
   357
   526
   622
   588
   375
   -54
  -712
 -1586
 -2640
 -3812
 -5027
 -6205
 -7272
 -8169
 -8857
 -9322
 -9575
 -9643
 -9564
 -9382
 -9135
 -8852
 -8551
 -8237
 -7906
 -7547
 -7145
 -6688
 -6169
 -5585
 -4939
 -4239
 -3494
 -2716
 -1917
 -1106
  -292
   519
  1321
  2110
  2882
  3633
  4358
  5051
  5709
  6325
  6896
  7415
  7878
  8282
  8623
