     0
     0
     0
     0
     0
    -1
    -2
    -7
   -15
   -27
   -44
   -65
   -86
  -103
  -110
  -101
   -72
   -21
    48
   126
   201
   255
   271
   236
   147
    12
  -150
  -304
  -408
  -420
  -299
   -20
   421
  1007
  1693
  2416
  3102
  3673
  4058
  4208
  4095
  3721
  3112
  2316
  1392
   404
  -592
 -1550
 -2440
 -3248
 -3975
 -4632
 -5232
 -5791
 -6320
 -6825
 -7305
 -7754
 -8164
 -8524
 -8823
 -9055
 -9212
 -9294
 -9298
 -9226
 -9079
 -8861
 -8575
 -8223
 -7810
 -7339
 -6815
 -6241
 -5622
 -4962
 -4268
 -3542
