13107
10594
4019
-4097
-10643
-13107
-10546
-3941
4175
10690
13106
10496
3862
-4253
-10738
-13105
-10447
-3783
4331
10785
13103
10397
3704
-4409
-10831
-13101
-10347
-3625
4486
10878
13098
10296
3546
-4564
-10923
-13095
-10245
-3467
4641
10969
13091
10193
3387
-4718
-11014
-13086
-10141
-3307
4794
11058
13081
10089
3228
-4871
-11102
-13076
-10036
-3148
4947
11145
13070
9983
3068
-5024
-11189
-13063
-9929
-2988
5099
11231
13057
9875
2907
-5175
-11274
-13049
-9821
-2827
5251
11315
13041
9766
2747
-5326
-11357
-13032
-9711
-2666
5401
11398
13023
9656
2585
-5476
-11438
-13014
-9600
-2505
5551
11478
13004
9543
2424
-5625
-11518
-12993
-9487
-2343
5700
11557
12982
9430
2262
-5774
-11595
-12971
-9372
-2180
5848
11633
12958
9315
2099
-5921
-11671
-12946
-9257
-2018
5995
11708
12933
9198
1936
-6068
-11745
-12919
-9139
-1855
6141
11781
12905
9080
1773
-6213
-11817
-12890
-9020
-1692
6286
11853
12875
8960
1610
-6358
-11888
-12859
-8900
-1528
6430
11922
12843
8840
1446
-6501
-11956
-12826
-8779
-1365
6573
11990
12809
8717
1283
-6644
-12023
-12792
-8656
-1201
6715
12055
12773
8594
1119
-6785
-12087
-12755
-8531
-1037
6856
12119
12735
8469
954
-6926
-12150
-12716
-8406
-872
6995
12181
12695
8342
790
-7065
-12211
-12675
-8278
-708
7134
12241
12653
8214
626
-7203
-12270
-12632
-8150
-543
7272
12298
12609
8085
461
-7340
-12327
-12587
-8020
-379
7408
12354
12564
7955
296
-7476
-12382
-12540
-7890
-214
7543
12409
12516
7824
132
-7611
-12435
-12491
-7757
-49
7678
12461
12466
7691
-33
-7744
-12486
-12440
-7624
115
7810
12511
12414
7557
-198
-7876
-12535
-12387
-7489
280
7942
12559
12360
7422
-362
-8007
-12582
-12332
-7354
445
8072
12605
12304
7285
-527
-8137
-12627
-12276
-7217
609
8202
12649
12246
7148
-691
-8266
-12670
-12217
-7079
774
8329
12691
12187
7009
-856
-8393
-12712
-12156
-6940
938
8456
12731
12125
6870
-1020
-8519
-12751
-12094
-6799
1102
8581
12770
12062
6729
-1184
-8643
-12788
-12029
-6658
1266
8705
12806
11996
6587
-1348
-8766
-12823
-11963
-6516
1430
8827
12840
11929
6444
-1512
-8888
-12856
-11895
-6372
1594
8948
12872
11860
6300
-1675
-9008
-12887
-11824
-6228
1757
9068
12902
11789
6155
-1839
-9127
-12916
-11752
-6082
1920
9186
12930
11716
6009
-2002
-9245
-12943
-11679
-5936
2083
9303
12956
11641
5862
-2164
-9361
-12968
-11603
-5789
2245
9418
12980
11564
5715
-2326
-9475
-12991
-11525
-5640
2407
9532
13002
11486
5566
-2488
-9588
-13012
-11446
-5491
2569
9644
13022
11406
5416
-2650
-9700
-13031
-11365
-5341
2731
9755
13039
11324
5266
-2811
-9810
-13047
-11282
-5190
2891
9864
13055
11240
5115
-2972
-9918
-13062
-11197
-5039
3052
9972
13069
11154
4963
-3132
-10025
-13075
-11111
-4886
3212
10078
13080
11067
4810
-3292
-10131
-13085
-11022
-4733
3371
10183
13090
10978
4656
-3451
-10234
-13094
-10932
-4579
3530
10286
13097
10887
4502
-3609
-10336
-13100
-10841
-4424
3688
10387
13103
10794
4347
-3767
-10437
-13105
-10747
-4269
3846
10487
13106
10700
4191
-3925
-10536
-13107
-10652
-4113
4003
10585
13107
10604
4035
-4082
-10633
-13107
-10555
-3956
4160
10681
13106
10506
3878
-4238
-10728
-13105
-10457
-3799
4316
10775
13103
10407
3720
-4393
-10822
-13101
-10357
-3641
4471
10868
13098
10306
3562
-4548
-10914
-13095
-10255
-3482
4625
10960
13091
10203
3403
-4702
-11005
-13087
-10152
-3323
4779
11049
13082
10099
3244
-4856
-11093
-13077
-10047
-3164
4932
11137
13071
9993
3084
-5008
-11180
-13065
-9940
-3004
5084
11223
13058
9886
2924
-5160
-11265
-13051
-9832
-2843
5236
11307
13043
9777
2763
-5311
-11348
-13034
-9722
-2682
5386
11389
13025
9667
2601
-5461
-11430
-13016
-9611
-2521
5536
11470
13006
9555
2440
-5611
-11510
-12995
-9498
-2359
5685
11549
12984
9441
2278
-5759
-11588
-12973
-9384
-2197
5833
11626
12961
9326
2115
-5906
-11664
-12948
-9268
-2034
5980
11701
12935
9210
1953
-6053
-11738
-12922
-9151
-1871
6126
11774
12908
9092
1790
-6199
-11810
-12893
-9032
-1708
6271
11846
12878
8972
1626
-6343
-11881
-12863
-8912
-1545
6415
11915
12846
8852
1463
-6487
-11949
-12830
-8791
-1381
6558
11983
12813
8730
1299
-6630
-12016
-12795
-8668
-1217
6700
12049
12777
8606
1135
-6771
-12081
-12758
-8544
-1053
6841
12113
12739
8481
971
-6912
-12144
-12720
-8418
-889
6981
12175
12699
8355
807
-7051
-12205
-12679
-8291
-724
7120
12235
12658
8227
642
-7189
-12264
-12636
-8163
-560
7258
12293
12614
8098
478
-7326
-12321
-12591
-8033
-395
7395
12349
12568
7968
313
-7462
-12376
-12545
-7903
-231
7530
12403
12520
7837
148
-7597
-12430
-12496
-7771
-66
7664
12455
12471
7704
-16
-7731
-12481
-12445
-7637
99
7797
12506
12419
7570
-181
-7863
-12530
-12393
-7503
264
7929
12554
12365
7435
-346
-7994
-12578
-12338
-7367
428
8059
12600
12310
7299
-510
-8124
-12623
-12281
-7231
593
8189
12645
12252
7162
-675
-8253
-12666
-12223
-7093
757
8317
12687
12193
7023
-839
-8380
-12708
-12162
-6954
922
8443
12728
12131
6884
-1004
-8506
-12747
-12100
-6813
1086
8569
12766
12068
6743
-1168
-8631
-12784
-12036
-6672
1250
8693
12802
12003
6601
-1332
-8754
-12820
-11970
-6530
1414
8815
12837
11936
6458
-1496
-8876
-12853
-11901
-6386
1577
8936
12869
11867
6314
-1659
-8996
-12884
-11832
-6242
1741
9056
12899
11796
6170
-1822
-9116
-12913
-11760
-6097
1904
9175
12927
11723
6024
-1985
-9233
-12941
-11686
-5951
2067
9291
12953
11649
5877
-2148
-9349
-12966
-11611
-5803
2229
9407
12978
11572
5729
-2310
-9464
-12989
-11533
-5655
2391
9521
13000
11494
5581
-2472
-9577
-13010
-11454
-5506
2553
9633
13020
11414
5431
-2634
-9689
-13029
-11373
-5356
2714
9744
13038
11332
5281
-2795
-9799
-13046
-11290
-5205
2875
9854
13054
11248
5130
-2956
-9908
-13061
-11206
-5054
3036
9961
13067
11163
4978
-3116
-10015
-13074
-11119
-4902
3196
10068
13079
11076
4825
-3276
-10120
-13084
-11031
-4748
3355
10172
13089
10987
4672
-3435
-10224
-13093
-10942
-4595
3514
10275
13097
10896
4517
-3593
-10326
-13100
-10850
-4440
3673
10377
13102
10804
4362
-3752
-10427
-13104
-10757
-4285
3830
10477
13106
10709
4207
-3909
-10526
-13107
-10662
-4129
3988
10575
13107
10614
4050
-4066
-10623
-13107
-10565
-3972
4144
10671
13107
10516
3893
-4222
-10719
-13105
-10467
-3815
4300
10766
13104
10417
3736
-4378
-10813
-13102
-10367
-3657
4455
10859
13099
10316
3578
-4533
-10905
-13096
-10265
-3498
4610
10951
13092
10214
3419
-4687
-10996
-13088
-10162
-3339
4764
11040
13083
10110
3260
-4840
-11084
-13078
-10057
-3180
4917
11128
13072
10004
3100
-4993
-11171
-13066
-9951
-3020
5069
11214
13059
9897
2940
-5145
-11257
-13052
-9843
-2859
5221
11299
13044
9788
2779
-5296
-11340
-13036
-9733
-2698
5371
11381
13027
9678
2618
-5446
-11422
-13018
-9622
-2537
5521
11462
13008
9566
2456
-5596
-11502
-12998
-9510
-2375
5670
11541
12987
9453
2294
-5744
-11580
-12975
-9395
-2213
5818
11618
12963
9338
2132
-5892
-11656
-12951
-9280
-2050
5965
11694
12938
9221
1969
-6038
-11730
-12925
-9163
-1888
6111
11767
12911
9104
1806
-6184
-11803
-12896
-9044
-1724
6257
11839
12881
8984
1643
-6329
-11874
-12866
-8924
-1561
6401
11908
12850
8864
1479
-6473
-11943
-12833
-8803
-1397
6544
11976
12816
8742
1315
-6615
-12009
-12799
-8680
-1233
6686
12042
12781
8618
1151
-6757
-12075
-12762
-8556
-1069
6827
12106
12743
8494
987
-6898
-12138
-12724
-8431
-905
6967
12168
12704
8368
823
-7037
-12199
-12683
-8304
-741
7106
12229
12662
8240
659
-7175
-12258
-12640
-8176
-576
7244
12287
12618
8111
494
-7313
-12315
-12596
-8047
-412
7381
12343
12573
7981
329
-7449
-12371
-12549
-7916
-247
7516
12398
12525
7850
165
-7584
-12424
-12501
-7784
-82
7651
12450
12476
7718
0
-7718
-12476
-12450
-7651
82
7784
12501
12424
7584
-165
-7850
-12525
-12398
-7516
247
7916
12549
12371
7449
-329
-7981
-12573
-12343
-7381
412
8047
12596
12315
7313
-494
-8111
-12618
-12287
-7244
576
8176
12640
12258
7175
-659
-8240
-12662
-12229
-7106
741
8304
12683
12199
7037
-823
-8368
-12704
-12168
-6967
905
8431
12724
12138
6898
-987
-8494
-12743
-12106
-6827
1069
8556
12762
12075
6757
-1151
-8618
-12781
-12042
-6686
1233
8680
12799
12009
6615
-1315
-8742
-12816
-11976
-6544
1397
8803
12833
11943
6473
-1479
-8864
-12850
-11908
-6401
1561
8924
12866
11874
6329
-1643
-8984
-12881
-11839
-6257
1724
9044
12896
11803
6184
-1806
-9104
-12911
-11767
-6111
1888
9163
12925
11730
6038
-1969
-9221
-12938
-11694
-5965
2050
9280
12951
11656
5892
-2132
-9338
-12963
-11618
-5818
2213
9395
12975
11580
5744
-2294
-9453
-12987
-11541
-5670
2375
9510
12998
11502
5596
-2456
-9566
-13008
-11462
-5521
2537
9622
13018
11422
5446
-2618
-9678
-13027
-11381
-5371
2698
9733
13036
11340
5296
-2779
-9788
-13044
-11299
-5221
2859
9843
13052
11257
5145
-2940
-9897
-13059
-11214
-5069
3020
9951
13066
11171
4993
-3100
-10004
-13072
-11128
-4917
3180
10057
13078
11084
4840
-3260
-10110
-13083
-11040
-4764
3339
10162
13088
10996
4687
-3419
-10214
-13092
-10951
-4610
3498
10265
13096
10905
4533
-3578
-10316
-13099
-10859
-4455
3657
10367
13102
10813
4378
-3736
-10417
-13104
-10766
-4300
3815
10467
13105
10719
4222
-3893
-10516
-13107
-10671
-4144
3972
10565
13107
10623
4066
-4050
-10614
-13107
-10575
-3988
4129
10662
13107
10526
3909
-4207
-10709
-13106
-10477
-3830
4285
10757
13104
10427
3752
-4362
-10804
-13102
-10377
-3673
4440
10850
13100
10326
3593
-4517
-10896
-13097
-10275
-3514
4595
10942
13093
10224
3435
-4672
-10987
-13089
-10172
-3355
4748
11031
13084
10120
3276
-4825
-11076
-13079
-10068
-3196
4902
11119
13074
10015
3116
-4978
-11163
-13067
-9961
-3036
5054
11206
13061
9908
2956
-5130
-11248
-13054
-9854
-2875
5205
11290
13046
9799
2795
-5281
-11332
-13038
-9744
-2714
5356
11373
13029
9689
2634
-5431
-11414
-13020
-9633
-2553
5506
11454
13010
9577
2472
-5581
-11494
-13000
-9521
-2391
5655
11533
12989
9464
2310
-5729
-11572
-12978
-9407
-2229
5803
11611
12966
9349
2148
-5877
-11649
-12953
-9291
-2067
5951
11686
12941
9233
1985
-6024
-11723
-12927
-9175
-1904
6097
11760
12913
9116
1822
-6170
-11796
-12899
-9056
-1741
6242
11832
12884
8996
1659
-6314
-11867
-12869
-8936
-1577
6386
11901
12853
8876
1496
-6458
-11936
-12837
-8815
-1414
6530
11970
12820
8754
1332
-6601
-12003
-12802
-8693
-1250
6672
12036
12784
8631
1168
-6743
-12068
-12766
-8569
-1086
6813
12100
12747
8506
1004
-6884
-12131
-12728
-8443
-922
6954
12162
12708
8380
839
-7023
-12193
-12687
-8317
-757
7093
12223
12666
8253
675
-7162
-12252
-12645
-8189
-593
7231
12281
12623
8124
510
-7299
-12310
-12600
-8059
-428
7367
12338
12578
7994
346
-7435
-12365
-12554
-7929
-264
7503
12393
12530
7863
181
-7570
-12419
-12506
-7797
-99
7637
12445
12481
7731
16
-7704
-12471
-12455
-7664
66
7771
12496
12430
7597
-148
-7837
-12520
-12403
-7530
231
7903
12545
12376
7462
-313
-7968
-12568
-12349
-7395
395
8033
12591
12321
7326
-478
-8098
-12614
-12293
-7258
560
8163
12636
12264
7189
-642
-8227
-12658
-12235
-7120
724
8291
12679
12205
7051
-807
-8355
-12699
-12175
-6981
889
8418
12720
12144
6912
-971
-8481
-12739
-12113
-6841
1053
8544
12758
12081
6771
-1135
-8606
-12777
-12049
-6700
1217
8668
12795
12016
6630
-1299
-8730
-12813
-11983
-6558
1381
8791
12830
11949
6487
-1463
-8852
-12846
-11915
-6415
1545
8912
12863
11881
6343
-1626
-8972
-12878
-11846
-6271
1708
9032
12893
11810
6199
-1790
-9092
-12908
-11774
-6126
1871
9151
12922
11738
6053
-1953
-9210
-12935
-11701
-5980
2034
9268
12948
11664
5906
-2115
-9326
-12961
-11626
-5833
2197
9384
12973
11588
5759
-2278
-9441
-12984
-11549
-5685
2359
9498
12995
11510
5611
-2440
-9555
-13006
-11470
-5536
2521
9611
13016
11430
5461
-2601
-9667
-13025
-11389
-5386
2682
9722
13034
11348
5311
-2763
-9777
-13043
-11307
-5236
2843
9832
13051
11265
5160
-2924
-9886
-13058
-11223
-5084
3004
9940
13065
11180
5008
-3084
-9993
-13071
-11137
-4932
3164
10047
13077
11093
4856
-3244
-10099
-13082
-11049
-4779
3323
10152
13087
11005
4702
-3403
-10203
-13091
-10960
-4625
3482
10255
13095
10914
4548
-3562
-10306
-13098
-10868
-4471
3641
10357
13101
10822
4393
-3720
-10407
-13103
-10775
-4316
3799
10457
13105
10728
4238
-3878
-10506
-13106
-10681
-4160
3956
10555
13107
10633
4082
-4035
-10604
-13107
-10585
-4003
4113
10652
13107
10536
3925
-4191
-10700
-13106
-10487
-3846
4269
10747
13105
10437
3767
-4347
-10794
-13103
-10387
-3688
4424
10841
13100
10336
3609
-4502
-10887
-13097
-10286
-3530
4579
10932
13094
10234
3451
-4656
-10978
-13090
-10183
-3371
4733
11022
13085
10131
3292
-4810
-11067
-13080
-10078
-3212
4886
11111
13075
10025
3132
-4963
-11154
-13069
-9972
-3052
5039
11197
13062
9918
2972
-5115
-11240
-13055
-9864
-2891
5190
11282
13047
9810
2811
-5266
-11324
-13039
-9755
-2731
5341
11365
13031
9700
2650
-5416
-11406
-13022
-9644
-2569
5491
11446
13012
9588
2488
-5566
-11486
-13002
-9532
-2407
5640
11525
12991
9475
2326
-5715
-11564
-12980
-9418
-2245
5789
11603
12968
9361
2164
-5862
-11641
-12956
-9303
-2083
5936
11679
12943
9245
2002
-6009
-11716
-12930
-9186
-1920
6082
11752
12916
9127
1839
-6155
-11789
-12902
-9068
-1757
6228
11824
12887
9008
1675
-6300
-11860
-12872
-8948
-1594
6372
11895
12856
8888
1512
-6444
-11929
-12840
-8827
-1430
6516
11963
12823
8766
1348
-6587
-11996
-12806
-8705
-1266
6658
12029
12788
8643
1184
-6729
-12062
-12770
-8581
-1102
6799
12094
12751
8519
1020
-6870
-12125
-12731
-8456
-938
6940
12156
12712
8393
856
-7009
-12187
-12691
-8329
-774
7079
12217
12670
8266
691
-7148
-12246
-12649
-8202
-609
7217
12276
12627
8137
527
-7285
-12304
-12605
-8072
-445
7354
12332
12582
8007
362
-7422
-12360
-12559
-7942
-280
7489
12387
12535
7876
198
-7557
-12414
-12511
-7810
-115
7624
12440
12486
7744
33
-7691
-12466
-12461
-7678
49
7757
12491
12435
7611
-132
-7824
-12516
-12409
-7543
214
7890
12540
12382
7476
-296
-7955
-12564
-12354
-7408
379
8020
12587
12327
7340
-461
-8085
-12609
-12298
-7272
543
8150
12632
12270
7203
-626
-8214
-12653
-12241
-7134
708
8278
12675
12211
7065
-790
-8342
-12695
-12181
-6995
872
8406
12716
12150
6926
-954
-8469
-12735
-12119
-6856
1037
8531
12755
12087
6785
-1119
-8594
-12773
-12055
-6715
1201
8656
12792
12023
6644
-1283
-8717
-12809
-11990
-6573
1365
8779
12826
11956
6501
-1446
-8840
-12843
-11922
-6430
1528
8900
12859
11888
6358
-1610
-8960
-12875
-11853
-6286
1692
9020
12890
11817
6213
-1773
-9080
-12905
-11781
-6141
1855
9139
12919
11745
6068
-1936
-9198
-12933
-11708
-5995
2018
9257
12946
11671
5921
-2099
-9315
-12958
-11633
-5848
2180
9372
12971
11595
5774
-2262
-9430
-12982
-11557
-5700
2343
9487
12993
11518
5625
-2424
-9543
-13004
-11478
-5551
2505
9600
13014
11438
5476
-2585
-9656
-13023
-11398
-5401
2666
9711
13032
11357
5326
-2747
-9766
-13041
-11315
-5251
2827
9821
13049
11274
5175
-2907
-9875
-13057
-11231
-5099
2988
9929
13063
11189
5024
-3068
-9983
-13070
-11145
-4947
3148
10036
13076
11102
4871
-3228
-10089
-13081
-11058
-4794
3307
10141
13086
11014
4718
-3387
-10193
-13091
-10969
-4641
3467
10245
13095
10923
4564
-3546
-10296
-13098
-10878
-4486
3625
10347
13101
10831
4409
-3704
-10397
-13103
-10785
-4331
3783
10447
13105
10738
4253
-3862
-10496
-13106
-10690
-4175
3941
10546
13107
10643
4097
-4019
-10594
-13107
-10594
-4019
4097
10643
13107
10546
3941
-4175
-10690
-13106
-10496
-3862
4253
10738
13105
10447
3783
-4331
-10785
-13103
-10397
-3704
4409
10831
13101
10347
3625
-4486
-10878
-13098
-10296
-3546
4564
10923
13095
10245
3467
-4641
-10969
-13091
-10193
-3387
4718
11014
13086
10141
3307
-4794
-11058
-13081
-10089
-3228
4871
11102
13076
10036
3148
-4947
-11145
-13070
-9983
-3068
5024
11189
13063
9929
2988
-5099
-11231
-13057
-9875
-2907
5175
11274
13049
9821
2827
-5251
-11315
-13041
-9766
-2747
5326
11357
13032
9711
2666
-5401
-11398
-13023
-9656
-2585
5476
11438
13014
9600
2505
-5551
-11478
-13004
-9543
-2424
5625
11518
12993
9487
2343
-5700
-11557
-12982
-9430
-2262
5774
11595
12971
9372
2180
-5848
-11633
-12958
-9315
-2099
5921
11671
12946
9257
2018
-5995
-11708
-12933
-9198
-1936
6068
11745
12919
9139
1855
-6141
-11781
-12905
-9080
-1773
6213
11817
12890
9020
1692
-6286
-11853
-12875
-8960
-1610
6358
11888
12859
8900
1528
-6430
-11922
-12843
-8840
-1446
6501
11956
12826
8779
1365
-6573
-11990
-12809
-8717
-1283
6644
12023
12792
8656
1201
-6715
-12055
-12773
-8594
-1119
6785
12087
12755
8531
1037
-6856
-12119
-12735
-8469
-954
6926
12150
12716
8406
872
-6995
-12181
-12695
-8342
-790
7065
12211
12675
8278
708
-7134
-12241
-12653
-8214
-626
7203
12270
12632
8150
543
-7272
-12298
-12609
-8085
-461
7340
12327
12587
8020
379
-7408
-12354
-12564
-7955
-296
7476
12382
12540
7890
214
-7543
-12409
-12516
-7824
-132
7611
12435
12491
7757
49
-7678
-12461
-12466
-7691
33
7744
12486
12440
7624
-115
-7810
-12511
-12414
-7557
198
7876
12535
12387
7489
-280
-7942
-12559
-12360
-7422
362
8007
12582
12332
7354
-445
-8072
-12605
-12304
-7285
527
8137
12627
12276
7217
-609
-8202
-12649
-12246
-7148
691
8266
12670
12217
7079
-774
-8329
-12691
-12187
-7009
856
8393
12712
12156
6940
-938
-8456
-12731
-12125
-6870
1020
8519
12751
12094
6799
-1102
-8581
-12770
-12062
-6729
1184
8643
12788
12029
6658
-1266
-8705
-12806
-11996
-6587
1348
8766
12823
11963
6516
-1430
-8827
-12840
-11929
-6444
1512
8888
12856
11895
6372
-1594
-8948
-12872
-11860
-6300
1675
9008
12887
11824
6228
-1757
-9068
-12902
-11789
-6155
1839
9127
12916
11752
6082
-1920
-9186
-12930
-11716
-6009
2002
9245
12943
11679
5936
-2083
-9303
-12956
-11641
-5862
2164
9361
12968
11603
5789
-2245
-9418
-12980
-11564
-5715
2326
9475
12991
11525
5640
-2407
-9532
-13002
-11486
-5566
2488
9588
13012
11446
5491
-2569
-9644
-13022
-11406
-5416
2650
9700
13031
11365
5341
-2731
-9755
-13039
-11324
-5266
2811
9810
13047
11282
5190
-2891
-9864
-13055
-11240
-5115
2972
9918
13062
11197
5039
-3052
-9972
-13069
-11154
-4963
3132
10025
13075
11111
4886
-3212
-10078
-13080
-11067
-4810
3292
10131
13085
11022
4733
-3371
-10183
-13090
-10978
-4656
3451
10234
13094
10932
4579
-3530
-10286
-13097
-10887
-4502
3609
10336
13100
10841
4424
-3688
-10387
-13103
-10794
-4347
3767
10437
13105
10747
4269
-3846
-10487
-13106
-10700
-4191
3925
10536
13107
10652
4113
-4003
-10585
-13107
-10604
-4035
4082
10633
13107
10555
3956
-4160
-10681
-13106
-10506
-3878
4238
10728
13105
10457
3799
-4316
-10775
-13103
-10407
-3720
4393
10822
13101
10357
3641
-4471
-10868
-13098
-10306
-3562
4548
10914
13095
10255
3482
-4625
-10960
-13091
-10203
-3403
4702
11005
13087
10152
3323
-4779
-11049
-13082
-10099
-3244
4856
11093
13077
10047
3164
-4932
-11137
-13071
-9993
-3084
5008
11180
13065
9940
3004
-5084
-11223
-13058
-9886
-2924
5160
11265
13051
9832
2843
-5236
-11307
-13043
-9777
-2763
5311
11348
13034
9722
2682
-5386
-11389
-13025
-9667
-2601
5461
11430
13016
9611
2521
-5536
-11470
-13006
-9555
-2440
5611
11510
12995
9498
2359
-5685
-11549
-12984
-9441
-2278
5759
11588
12973
9384
2197
-5833
-11626
-12961
-9326
-2115
5906
11664
12948
9268
2034
-5980
-11701
-12935
-9210
-1953
6053
11738
12922
9151
1871
-6126
-11774
-12908
-9092
-1790
6199
11810
12893
9032
1708
-6271
-11846
-12878
-8972
-1626
6343
11881
12863
8912
1545
-6415
-11915
-12846
-8852
-1463
6487
11949
12830
8791
1381
-6558
-11983
-12813
-8730
-1299
6630
12016
12795
8668
1217
-6700
-12049
-12777
-8606
-1135
6771
12081
12758
8544
1053
-6841
-12113
-12739
-8481
-971
6912
12144
12720
8418
889
-6981
-12175
-12699
-8355
-807
7051
12205
12679
8291
724
-7120
-12235
-12658
-8227
-642
7189
12264
12636
8163
560
-7258
-12293
-12614
-8098
-478
7326
12321
12591
8033
395
-7395
-12349
-12568
-7968
-313
7462
12376
12545
7903
231
-7530
-12403
-12520
-7837
-148
7597
12430
12496
7771
66
-7664
-12455
-12471
-7704
16
7731
12481
12445
7637
-99
-7797
-12506
-12419
-7570
181
7863
12530
12393
7503
-264
-7929
-12554
-12365
-7435
346
7994
12578
12338
7367
-428
-8059
-12600
-12310
-7299
510
8124
12623
12281
7231
-593
-8189
-12645
-12252
-7162
675
8253
12666
12223
7093
-757
-8317
-12687
-12193
-7023
839
8380
12708
12162
6954
-922
-8443
-12728
-12131
-6884
1004
8506
12747
12100
6813
-1086
-8569
-12766
-12068
-6743
1168
8631
12784
12036
6672
-1250
-8693
-12802
-12003
-6601
1332
8754
12820
11970
6530
-1414
-8815
-12837
-11936
-6458
1496
8876
12853
11901
6386
-1577
-8936
-12869
-11867
-6314
1659
8996
12884
11832
6242
-1741
-9056
-12899
-11796
-6170
1822
9116
12913
11760
6097
-1904
-9175
-12927
-11723
-6024
1985
9233
12941
11686
5951
-2067
-9291
-12953
-11649
-5877
2148
9349
12966
11611
5803
-2229
-9407
-12978
-11572
-5729
2310
9464
12989
11533
5655
-2391
-9521
-13000
-11494
-5581
2472
9577
13010
11454
5506
-2553
-9633
-13020
-11414
-5431
2634
9689
13029
11373
5356
-2714
-9744
-13038
-11332
-5281
2795
9799
13046
11290
5205
-2875
-9854
-13054
-11248
-5130
2956
9908
13061
11206
5054
-3036
-9961
-13067
-11163
-4978
3116
10015
13074
11119
4902
-3196
-10068
-13079
-11076
-4825
3276
10120
13084
11031
4748
-3355
-10172
-13089
-10987
-4672
3435
10224
13093
10942
4595
-3514
-10275
-13097
-10896
-4517
3593
10326
13100
10850
4440
-3673
-10377
-13102
-10804
-4362
3752
10427
13104
10757
4285
-3830
-10477
-13106
-10709
-4207
3909
10526
13107
10662
4129
-3988
-10575
-13107
-10614
-4050
4066
10623
13107
10565
3972
-4144
-10671
-13107
-10516
-3893
4222
10719
13105
10467
3815
-4300
-10766
-13104
-10417
-3736
4378
10813
13102
10367
3657
-4455
-10859
-13099
-10316
-3578
4533
10905
13096
10265
3498
-4610
-10951
-13092
-10214
-3419
4687
10996
13088
10162
3339
-4764
-11040
-13083
-10110
-3260
4840
11084
13078
10057
3180
-4917
-11128
-13072
-10004
-3100
4993
11171
13066
9951
3020
-5069
-11214
-13059
-9897
-2940
5145
11257
13052
9843
2859
-5221
-11299
-13044
-9788
-2779
5296
11340
13036
9733
2698
-5371
-11381
-13027
-9678
-2618
5446
11422
13018
9622
2537
-5521
-11462
-13008
-9566
-2456
5596
11502
12998
9510
2375
-5670
-11541
-12987
-9453
-2294
5744
11580
12975
9395
2213
-5818
-11618
-12963
-9338
-2132
5892
11656
12951
9280
2050
-5965
-11694
-12938
-9221
-1969
6038
11730
12925
9163
1888
-6111
-11767
-12911
-9104
-1806
6184
11803
12896
9044
1724
-6257
-11839
-12881
-8984
-1643
6329
11874
12866
8924
1561
-6401
-11908
-12850
-8864
-1479
6473
11943
12833
8803
1397
-6544
-11976
-12816
-8742
-1315
6615
12009
12799
8680
1233
-6686
-12042
-12781
-8618
-1151
6757
12075
12762
8556
1069
-6827
-12106
-12743
-8494
-987
6898
12138
12724
8431
905
-6967
-12168
-12704
-8368
-823
7037
12199
12683
8304
741
-7106
-12229
-12662
-8240
-659
7175
12258
12640
8176
576
-7244
-12287
-12618
-8111
-494
7313
12315
12596
8047
412
-7381
-12343
-12573
-7981
-329
7449
12371
12549
7916
247
-7516
-12398
-12525
-7850
-165
7584
12424
12501
7784
82
-7651
-12450
-12476
-7718
0
7718
12476
12450
7651
-82
-7784
-12501
-12424
-7584
165
7850
12525
12398
7516
-247
-7916
-12549
-12371
-7449
329
7981
12573
12343
7381
-412
-8047
-12596
-12315
-7313
494
8111
12618
12287
7244
-576
-8176
-12640
-12258
-7175
659
8240
12662
12229
7106
-741
-8304
-12683
-12199
-7037
823
8368
12704
12168
6967
-905
-8431
-12724
-12138
-6898
987
8494
12743
12106
6827
-1069
-8556
-12762
-12075
-6757
1151
8618
12781
12042
6686
-1233
-8680
-12799
-12009
-6615
1315
8742
12816
11976
6544
-1397
-8803
-12833
-11943
-6473
1479
8864
12850
11908
6401
-1561
-8924
-12866
-11874
-6329
1643
8984
12881
11839
6257
-1724
-9044
-12896
-11803
-6184
1806
9104
12911
11767
6111
-1888
-9163
-12925
-11730
-6038
1969
9221
12938
11694
5965
-2050
-9280
-12951
-11656
-5892
2132
9338
12963
11618
5818
-2213
-9395
-12975
-11580
-5744
2294
9453
12987
11541
5670
-2375
-9510
-12998
-11502
-5596
2456
9566
13008
11462
5521
-2537
-9622
-13018
-11422
-5446
2618
9678
13027
11381
5371
-2698
-9733
-13036
-11340
-5296
2779
9788
13044
11299
5221
-2859
-9843
-13052
-11257
-5145
2940
9897
13059
11214
5069
-3020
-9951
-13066
-11171
-4993
3100
10004
13072
11128
4917
-3180
-10057
-13078
-11084
-4840
3260
10110
13083
11040
4764
-3339
-10162
-13088
-10996
-4687
3419
10214
13092
10951
4610
-3498
-10265
-13096
-10905
-4533
3578
10316
13099
10859
4455
-3657
-10367
-13102
-10813
-4378
3736
10417
13104
10766
4300
-3815
-10467
-13105
-10719
-4222
3893
10516
13107
10671
4144
-3972
-10565
-13107
-10623
-4066
4050
10614
13107
10575
3988
-4129
-10662
-13107
-10526
-3909
4207
10709
13106
10477
3830
-4285
-10757
-13104
-10427
-3752
4362
10804
13102
10377
3673
-4440
-10850
-13100
-10326
-3593
4517
10896
13097
10275
3514
-4595
-10942
-13093
-10224
-3435
4672
10987
13089
10172
3355
-4748
-11031
-13084
-10120
-3276
4825
11076
13079
10068
3196
-4902
-11119
-13074
-10015
-3116
4978
11163
13067
9961
3036
-5054
-11206
-13061
-9908
-2956
5130
11248
13054
9854
2875
-5205
-11290
-13046
-9799
-2795
5281
11332
13038
9744
2714
-5356
-11373
-13029
-9689
-2634
5431
11414
13020
9633
2553
-5506
-11454
-13010
-9577
-2472
5581
11494
13000
9521
2391
-5655
-11533
-12989
-9464
-2310
5729
11572
12978
9407
2229
-5803
-11611
-12966
-9349
-2148
5877
11649
12953
9291
2067
-5951
-11686
-12941
-9233
-1985
6024
11723
12927
9175
1904
-6097
-11760
-12913
-9116
-1822
6170
11796
12899
9056
1741
-6242
-11832
-12884
-8996
-1659
6314
11867
12869
8936
1577
-6386
-11901
-12853
-8876
-1496
6458
11936
12837
8815
1414
-6530
-11970
-12820
-8754
-1332
6601
12003
12802
8693
1250
-6672
-12036
-12784
-8631
-1168
6743
12068
12766
8569
1086
-6813
-12100
-12747
-8506
-1004
6884
12131
12728
8443
922
-6954
-12162
-12708
-8380
-839
7023
12193
12687
8317
757
-7093
-12223
-12666
-8253
-675
7162
12252
12645
8189
593
-7231
-12281
-12623
-8124
-510
7299
12310
12600
8059
428
-7367
-12338
-12578
-7994
-346
7435
12365
12554
7929
264
-7503
-12393
-12530
-7863
-181
7570
12419
12506
7797
99
-7637
-12445
-12481
-7731
-16
7704
12471
12455
7664
-66
-7771
-12496
-12430
-7597
148
7837
12520
12403
7530
-231
-7903
-12545
-12376
-7462
313
7968
12568
12349
7395
-395
-8033
-12591
-12321
-7326
478
8098
12614
12293
7258
-560
-8163
-12636
-12264
-7189
642
8227
12658
12235
7120
-724
-8291
-12679
-12205
-7051
807
8355
12699
12175
6981
-889
-8418
-12720
-12144
-6912
971
8481
12739
12113
6841
-1053
-8544
-12758
-12081
-6771
1135
8606
12777
12049
6700
-1217
-8668
-12795
-12016
-6630
1299
8730
12813
11983
6558
-1381
-8791
-12830
-11949
-6487
1463
8852
12846
11915
6415
-1545
-8912
-12863
-11881
-6343
1626
8972
12878
11846
6271
-1708
-9032
-12893
-11810
-6199
1790
9092
12908
11774
6126
-1871
-9151
-12922
-11738
-6053
1953
9210
12935
11701
5980
-2034
-9268
-12948
-11664
-5906
2115
9326
12961
11626
5833
-2197
-9384
-12973
-11588
-5759
2278
9441
12984
11549
5685
-2359
-9498
-12995
-11510
-5611
2440
9555
13006
11470
5536
-2521
-9611
-13016
-11430
-5461
2601
9667
13025
11389
5386
-2682
-9722
-13034
-11348
-5311
2763
9777
13043
11307
5236
-2843
-9832
-13051
-11265
-5160
2924
9886
13058
11223
5084
-3004
-9940
-13065
-11180
-5008
3084
9993
13071
11137
4932
-3164
-10047
-13077
-11093
-4856
3244
10099
13082
11049
4779
-3323
-10152
-13087
-11005
-4702
3403
10203
13091
10960
4625
-3482
-10255
-13095
-10914
-4548
3562
10306
13098
10868
4471
-3641
-10357
-13101
-10822
-4393
3720
10407
13103
10775
4316
-3799
-10457
-13105
-10728
-4238
3878
10506
13106
10681
4160
-3956
-10555
-13107
-10633
-4082
4035
10604
13107
10585
4003
-4113
-10652
-13107
-10536
-3925
4191
10700
13106
10487
3846
-4269
-10747
-13105
-10437
-3767
4347
10794
13103
10387
3688
-4424
-10841
-13100
-10336
-3609
4502
10887
13097
10286
3530
-4579
-10932
-13094
-10234
-3451
4656
10978
13090
10183
3371
-4733
-11022
-13085
-10131
-3292
4810
11067
13080
10078
3212
-4886
-11111
-13075
-10025
-3132
4963
11154
13069
9972
3052
-5039
-11197
-13062
-9918
-2972
5115
11240
13055
9864
2891
-5190
-11282
-13047
-9810
-2811
5266
11324
13039
9755
2731
-5341
-11365
-13031
-9700
-2650
5416
11406
13022
9644
2569
-5491
-11446
-13012
-9588
-2488
5566
11486
13002
9532
2407
-5640
-11525
-12991
-9475
-2326
5715
11564
12980
9418
2245
-5789
-11603
-12968
-9361
-2164
5862
11641
12956
9303
2083
-5936
-11679
-12943
-9245
-2002
6009
11716
12930
9186
1920
-6082
-11752
-12916
-9127
-1839
6155
11789
12902
9068
1757
-6228
-11824
-12887
-9008
-1675
6300
11860
12872
8948
1594
-6372
-11895
-12856
-8888
-1512
6444
11929
12840
8827
1430
-6516
-11963
-12823
-8766
-1348
6587
11996
12806
8705
1266
-6658
-12029
-12788
-8643
-1184
6729
12062
12770
8581
1102
-6799
-12094
-12751
-8519
-1020
6870
12125
12731
8456
938
-6940
-12156
-12712
-8393
-856
7009
12187
12691
8329
774
-7079
-12217
-12670
-8266
-691
7148
12246
12649
8202
609
-7217
-12276
-12627
-8137
-527
7285
12304
12605
8072
445
-7354
-12332
-12582
-8007
-362
7422
12360
12559
7942
280
-7489
-12387
-12535
-7876
-198
7557
12414
12511
7810
115
-7624
-12440
-12486
-7744
-33
7691
12466
12461
7678
-49
-7757
-12491
-12435
-7611
132
7824
12516
12409
7543
-214
-7890
-12540
-12382
-7476
296
7955
12564
12354
7408
-379
-8020
-12587
-12327
-7340
461
8085
12609
12298
7272
-543
-8150
-12632
-12270
-7203
626
8214
12653
12241
7134
-708
-8278
-12675
-12211
-7065
790
8342
12695
12181
6995
-872
-8406
-12716
-12150
-6926
954
8469
12735
12119
6856
-1037
-8531
-12755
-12087
-6785
1119
8594
12773
12055
6715
-1201
-8656
-12792
-12023
-6644
1283
8717
12809
11990
6573
-1365
-8779
-12826
-11956
-6501
1446
8840
12843
11922
6430
-1528
-8900
-12859
-11888
-6358
1610
8960
12875
11853
6286
-1692
-9020
-12890
-11817
-6213
1773
9080
12905
11781
6141
-1855
-9139
-12919
-11745
-6068
1936
9198
12933
11708
5995
-2018
-9257
-12946
-11671
-5921
2099
9315
12958
11633
5848
-2180
-9372
-12971
-11595
-5774
2262
9430
12982
11557
5700
-2343
-9487
-12993
-11518
-5625
2424
9543
13004
11478
5551
-2505
-9600
-13014
-11438
-5476
2585
9656
13023
11398
5401
-2666
-9711
-13032
-11357
-5326
2747
9766
13041
11315
5251
-2827
-9821
-13049
-11274
-5175
2907
9875
13057
11231
5099
-2988
-9929
-13063
-11189
-5024
3068
9983
13070
11145
4947
-3148
-10036
-13076
-11102
-4871
3228
10089
13081
11058
4794
-3307
-10141
-13086
-11014
-4718
3387
10193
13091
10969
4641
-3467
-10245
-13095
-10923
-4564
3546
10296
13098
10878
4486
-3625
-10347
-13101
-10831
-4409
3704
10397
13103
10785
4331
-3783
-10447
-13105
-10738
-4253
3862
10496
13106
10690
4175
-3941
-10546
-13107
-10643
-4097
4019
10594
13107
10594
4019
-4097
-10643
-13107
-10546
-3941
4175
10690
13106
10496
3862
-4253
-10738
-13105
-10447
-3783
4331
10785
13103
10397
3704
-4409
-10831
-13101
-10347
-3625
4486
10878
13098
10296
3546
-4564
-10923
-13095
-10245
-3467
4641
10969
13091
10193
3387
-4718
-11014
-13086
-10141
-3307
4794
11058
13081
10089
3228
-4871
-11102
-13076
-10036
-3148
4947
11145
13070
9983
3068
-5024
-11189
-13063
-9929
-2988
5099
11231
13057
9875
2907
-5175
-11274
-13049
-9821
-2827
5251
11315
13041
9766
2747
-5326
-11357
-13032
-9711
-2666
5401
11398
13023
9656
2585
-5476
-11438
-13014
-9600
-2505
5551
11478
13004
9543
2424
-5625
-11518
-12993
-9487
-2343
5700
11557
12982
9430
2262
-5774
-11595
-12971
-9372
-2180
5848
11633
12958
9315
2099
-5921
-11671
-12946
-9257
-2018
5995
11708
12933
9198
1936
-6068
-11745
-12919
-9139
-1855
6141
11781
12905
9080
1773
-6213
-11817
-12890
-9020
-1692
6286
11853
12875
8960
1610
-6358
-11888
-12859
-8900
-1528
6430
11922
12843
8840
1446
-6501
-11956
-12826
-8779
-1365
6573
11990
12809
8717
1283
-6644
-12023
-12792
-8656
-1201
6715
12055
12773
8594
1119
-6785
-12087
-12755
-8531
-1037
6856
12119
12735
8469
954
-6926
-12150
-12716
-8406
-872
6995
12181
12695
8342
790
-7065
-12211
-12675
-8278
-708
7134
12241
12653
8214
626
-7203
-12270
-12632
-8150
-543
7272
12298
12609
8085
461
-7340
-12327
-12587
-8020
-379
7408
12354
12564
7955
296
-7476
-12382
-12540
-7890
-214
7543
12409
12516
7824
132
-7611
-12435
-12491
-7757
-49
7678
12461
12466
7691
-33
-7744
-12486
-12440
-7624
115
7810
12511
12414
7557
-198
-7876
-12535
-12387
-7489
280
7942
12559
12360
7422
-362
-8007
-12582
-12332
-7354
445
8072
12605
12304
7285
-527
-8137
-12627
-12276
-7217
609
8202
12649
12246
7148
-691
-8266
-12670
-12217
-7079
774
8329
12691
12187
7009
-856
-8393
-12712
-12156
-6940
938
8456
12731
12125
6870
-1020
-8519
-12751
-12094
-6799
1102
8581
12770
12062
6729
-1184
-8643
-12788
-12029
-6658
1266
8705
12806
11996
6587
-1348
-8766
-12823
-11963
-6516
1430
8827
12840
11929
6444
-1512
-8888
-12856
-11895
-6372
1594
8948
12872
11860
6300
-1675
-9008
-12887
-11824
-6228
1757
9068
12902
11789
6155
-1839
-9127
-12916
-11752
-6082
1920
9186
12930
11716
6009
-2002
-9245
-12943
-11679
-5936
2083
9303
12956
11641
5862
-2164
-9361
-12968
-11603
-5789
2245
9418
12980
11564
5715
-2326
-9475
-12991
-11525
-5640
2407
9532
13002
11486
5566
-2488
-9588
-13012
-11446
-5491
2569
9644
13022
11406
5416
-2650
-9700
-13031
-11365
-5341
2731
9755
13039
11324
5266
-2811
-9810
-13047
-11282
-5190
2891
9864
13055
11240
5115
-2972
-9918
-13062
-11197
-5039
3052
9972
13069
11154
4963
-3132
-10025
-13075
-11111
-4886
3212
10078
13080
11067
4810
-3292
-10131
-13085
-11022
-4733
3371
10183
13090
10978
4656
-3451
-10234
-13094
-10932
-4579
3530
10286
13097
10887
4502
-3609
-10336
-13100
-10841
-4424
3688
10387
13103
10794
4347
-3767
-10437
-13105
-10747
-4269
3846
10487
13106
10700
4191
-3925
-10536
-13107
-10652
-4113
4003
10585
13107
10604
4035
-4082
-10633
-13107
-10555
-3956
4160
10681
13106
10506
3878
-4238
-10728
-13105
-10457
-3799
4316
10775
13103
10407
3720
-4393
-10822
-13101
-10357
-3641
4471
10868
13098
10306
3562
-4548
-10914
-13095
-10255
-3482
4625
10960
13091
10203
3403
-4702
-11005
-13087
-10152
-3323
4779
11049
13082
10099
3244
-4856
-11093
-13077
-10047
-3164
4932
11137
13071
9993
3084
-5008
-11180
-13065
-9940
-3004
5084
11223
13058
9886
2924
-5160
-11265
-13051
-9832
-2843
5236
11307
13043
9777
2763
-5311
-11348
-13034
-9722
-2682
5386
11389
13025
9667
2601
-5461
-11430
-13016
-9611
-2521
5536
11470
13006
9555
2440
-5611
-11510
-12995
-9498
-2359
5685
11549
12984
9441
2278
-5759
-11588
-12973
-9384
-2197
5833
11626
12961
9326
2115
-5906
-11664
-12948
-9268
-2034
5980
11701
12935
9210
1953
-6053
-11738
-12922
-9151
-1871
6126
11774
12908
9092
1790
-6199
-11810
-12893
-9032
-1708
6271
11846
12878
8972
1626
-6343
-11881
-12863
-8912
-1545
6415
11915
12846
8852
1463
-6487
-11949
-12830
-8791
-1381
6558
11983
12813
8730
1299
-6630
-12016
-12795
-8668
-1217
6700
12049
12777
8606
1135
-6771
-12081
-12758
-8544
-1053
6841
12113
12739
8481
971
-6912
-12144
-12720
-8418
-889
6981
12175
12699
8355
807
-7051
-12205
-12679
-8291
-724
7120
12235
12658
8227
642
-7189
-12264
-12636
-8163
-560
7258
12293
12614
8098
478
-7326
-12321
-12591
-8033
-395
7395
12349
12568
7968
313
-7462
-12376
-12545
-7903
-231
7530
12403
12520
7837
148
-7597
-12430
-12496
-7771
-66
7664
12455
12471
7704
-16
-7731
-12481
-12445
-7637
99
7797
12506
12419
7570
-181
-7863
-12530
-12393
-7503
264
7929
12554
12365
7435
-346
-7994
-12578
-12338
-7367
428
8059
12600
12310
7299
-510
-8124
-12623
-12281
-7231
593
8189
12645
12252
7162
-675
-8253
-12666
-12223
-7093
757
8317
12687
12193
7023
-839
-8380
-12708
-12162
-6954
922
8443
12728
12131
6884
-1004
-8506
-12747
-12100
-6813
1086
8569
12766
12068
6743
-1168
-8631
-12784
-12036
-6672
1250
8693
12802
12003
6601
-1332
-8754
-12820
-11970
-6530
1414
8815
12837
11936
6458
-1496
-8876
-12853
-11901
-6386
1577
8936
12869
11867
6314
-1659
-8996
-12884
-11832
-6242
1741
9056
12899
11796
6170
-1822
-9116
-12913
-11760
-6097
1904
9175
12927
11723
6024
-1985
-9233
-12941
-11686
-5951
2067
9291
12953
11649
5877
-2148
-9349
-12966
-11611
-5803
2229
9407
12978
11572
5729
-2310
-9464
-12989
-11533
-5655
2391
9521
13000
11494
5581
-2472
-9577
-13010
-11454
-5506
2553
9633
13020
11414
5431
-2634
-9689
-13029
-11373
-5356
2714
9744
13038
11332
5281
-2795
-9799
-13046
-11290
-5205
2875
9854
13054
11248
5130
-2956
-9908
-13061
-11206
-5054
3036
9961
13067
11163
4978
-3116
-10015
-13074
-11119
-4902
3196
10068
13079
11076
4825
-3276
-10120
-13084
-11031
-4748
3355
10172
13089
10987
4672
-3435
-10224
-13093
-10942
-4595
3514
10275
13097
10896
4517
-3593
-10326
-13100
-10850
-4440
3673
10377
13102
10804
4362
-3752
-10427
-13104
-10757
-4285
3830
10477
13106
10709
4207
-3909
-10526
-13107
-10662
-4129
3988
10575
13107
10614
4050
-4066
-10623
-13107
-10565
-3972
4144
10671
13107
10516
3893
-4222
-10719
-13105
-10467
-3815
4300
10766
13104
10417
3736
-4378
-10813
-13102
-10367
-3657
4455
10859
13099
10316
3578
-4533
-10905
-13096
-10265
-3498
4610
10951
13092
10214
3419
-4687
-10996
-13088
-10162
-3339
4764
11040
13083
10110
3260
-4840
-11084
-13078
-10057
-3180
4917
11128
13072
10004
3100
-4993
-11171
-13066
-9951
-3020
5069
11214
13059
9897
2940
-5145
-11257
-13052
-9843
-2859
5221
11299
13044
9788
2779
-5296
-11340
-13036
-9733
-2698
5371
11381
13027
9678
2618
-5446
-11422
-13018
-9622
-2537
5521
11462
13008
9566
2456
-5596
-11502
-12998
-9510
-2375
5670
11541
12987
9453
2294
-5744
-11580
-12975
-9395
-2213
5818
11618
12963
9338
2132
-5892
-11656
-12951
-9280
-2050
5965
11694
12938
9221
1969
-6038
-11730
-12925
-9163
-1888
6111
11767
12911
9104
1806
-6184
-11803
-12896
-9044
-1724
6257
11839
12881
8984
1643
-6329
-11874
-12866
-8924
-1561
6401
11908
12850
8864
1479
-6473
-11943
-12833
-8803
-1397
6544
11976
12816
8742
1315
-6615
-12009
-12799
-8680
-1233
6686
12042
12781
8618
1151
-6757
-12075
-12762
-8556
-1069
6827
12106
12743
8494
987
-6898
-12138
-12724
-8431
-905
6967
12168
12704
8368
823
-7037
-12199
-12683
-8304
-741
7106
12229
12662
8240
659
-7175
-12258
-12640
-8176
-576
7244
12287
12618
8111
494
-7313
-12315
-12596
-8047
-412
7381
12343
12573
7981
329
-7449
-12371
-12549
-7916
-247
7516
12398
12525
7850
165
-7584
-12424
-12501
-7784
-82
7651
12450
12476
7718
0
-7718
-12476
-12450
-7651
82
7784
12501
12424
7584
-165
-7850
-12525
-12398
-7516
247
7916
12549
12371
7449
-329
-7981
-12573
-12343
-7381
412
8047
12596
12315
7313
-494
-8111
-12618
-12287
-7244
576
8176
12640
12258
7175
-659
-8240
-12662
-12229
-7106
741
8304
12683
12199
7037
-823
-8368
-12704
-12168
-6967
905
8431
12724
12138
6898
-987
-8494
-12743
-12106
-6827
1069
8556
12762
12075
6757
-1151
-8618
-12781
-12042
-6686
1233
8680
12799
12009
6615
-1315
-8742
-12816
-11976
-6544
1397
8803
12833
11943
6473
-1479
-8864
-12850
-11908
-6401
1561
8924
12866
11874
6329
-1643
-8984
-12881
-11839
-6257
1724
9044
12896
11803
6184
-1806
-9104
-12911
-11767
-6111
1888
9163
12925
11730
6038
-1969
-9221
-12938
-11694
-5965
2050
9280
12951
11656
5892
-2132
-9338
-12963
-11618
-5818
2213
9395
12975
11580
5744
-2294
-9453
-12987
-11541
-5670
2375
9510
12998
11502
5596
-2456
-9566
-13008
-11462
-5521
2537
9622
13018
11422
5446
-2618
-9678
-13027
-11381
-5371
2698
9733
13036
11340
5296
-2779
-9788
-13044
-11299
-5221
2859
9843
13052
11257
5145
-2940
-9897
-13059
-11214
-5069
3020
9951
13066
11171
4993
-3100
-10004
-13072
-11128
-4917
3180
10057
13078
11084
4840
-3260
-10110
-13083
-11040
-4764
3339
10162
13088
10996
4687
-3419
-10214
-13092
-10951
-4610
3498
10265
13096
10905
4533
-3578
-10316
-13099
-10859
-4455
3657
10367
13102
10813
4378
-3736
-10417
-13104
-10766
-4300
3815
10467
13105
10719
4222
-3893
-10516
-13107
-10671
-4144
3972
10565
13107
10623
4066
-4050
-10614
-13107
-10575
-3988
4129
10662
13107
10526
3909
-4207
-10709
-13106
-10477
-3830
4285
10757
13104
10427
3752
-4362
-10804
-13102
-10377
-3673
4440
10850
13100
10326
3593
-4517
-10896
-13097
-10275
-3514
4595
10942
13093
10224
3435
-4672
-10987
-13089
-10172
-3355
4748
11031
13084
10120
3276
-4825
-11076
-13079
-10068
-3196
4902
11119
13074
10015
3116
-4978
-11163
-13067
-9961
-3036
5054
11206
13061
9908
2956
-5130
-11248
-13054
-9854
-2875
5205
11290
13046
9799
2795
-5281
-11332
-13038
-9744
-2714
5356
11373
13029
9689
2634
-5431
-11414
-13020
-9633
-2553
5506
11454
13010
9577
2472
-5581
-11494
-13000
-9521
-2391
5655
11533
12989
9464
2310
-5729
-11572
-12978
-9407
-2229
5803
11611
12966
9349
2148
-5877
-11649
-12953
-9291
-2067
5951
11686
12941
9233
1985
-6024
-11723
-12927
-9175
-1904
6097
11760
12913
9116
1822
-6170
-11796
-12899
-9056
-1741
6242
11832
12884
8996
1659
-6314
-11867
-12869
-8936
-1577
6386
11901
12853
8876
1496
-6458
-11936
-12837
-8815
-1414
6530
11970
12820
8754
1332
-6601
-12003
-12802
-8693
-1250
6672
12036
12784
8631
1168
-6743
-12068
-12766
-8569
-1086
6813
12100
12747
8506
1004
-6884
-12131
-12728
-8443
-922
6954
12162
12708
8380
839
-7023
-12193
-12687
-8317
-757
7093
12223
12666
8253
675
-7162
-12252
-12645
-8189
-593
7231
12281
12623
8124
510
-7299
-12310
-12600
-8059
-428
7367
12338
12578
7994
346
-7435
-12365
-12554
-7929
-264
7503
12393
12530
7863
181
-7570
-12419
-12506
-7797
-99
7637
12445
12481
7731
16
-7704
-12471
-12455
-7664
66
7771
12496
12430
7597
-148
-7837
-12520
-12403
-7530
231
7903
12545
12376
7462
-313
-7968
-12568
-12349
-7395
395
8033
12591
12321
7326
-478
-8098
-12614
-12293
-7258
560
8163
12636
12264
7189
-642
-8227
-12658
-12235
-7120
724
8291
12679
12205
7051
-807
-8355
-12699
-12175
-6981
889
8418
12720
12144
6912
-971
-8481
-12739
-12113
-6841
1053
8544
12758
12081
6771
-1135
-8606
-12777
-12049
-6700
1217
8668
12795
12016
6630
-1299
-8730
-12813
-11983
-6558
1381
8791
12830
11949
6487
-1463
-8852
-12846
-11915
-6415
1545
8912
12863
11881
6343
-1626
-8972
-12878
-11846
-6271
1708
9032
12893
11810
6199
-1790
-9092
-12908
-11774
-6126
1871
9151
12922
11738
6053
-1953
-9210
-12935
-11701
-5980
2034
9268
12948
11664
5906
-2115
-9326
-12961
-11626
-5833
2197
9384
12973
11588
5759
-2278
-9441
-12984
-11549
-5685
2359
9498
12995
11510
5611
-2440
-9555
-13006
-11470
-5536
2521
9611
13016
11430
5461
-2601
-9667
-13025
-11389
-5386
2682
9722
13034
11348
5311
-2763
-9777
-13043
-11307
-5236
2843
9832
13051
11265
5160
-2924
-9886
-13058
-11223
-5084
3004
9940
13065
11180
5008
-3084
-9993
-13071
-11137
-4932
3164
10047
13077
11093
4856
-3244
-10099
-13082
-11049
-4779
3323
10152
13087
11005
4702
-3403
-10203
-13091
-10960
-4625
3482
10255
13095
10914
4548
-3562
-10306
-13098
-10868
-4471
3641
10357
13101
10822
4393
-3720
-10407
-13103
-10775
-4316
3799
10457
13105
10728
4238
-3878
-10506
-13106
-10681
-4160
3956
10555
13107
10633
4082
-4035
-10604
-13107
-10585
-4003
4113
10652
13107
10536
3925
-4191
-10700
-13106
-10487
-3846
4269
10747
13105
10437
3767
-4347
-10794
-13103
-10387
-3688
4424
10841
13100
10336
3609
-4502
-10887
-13097
-10286
-3530
4579
10932
13094
10234
3451
-4656
-10978
-13090
-10183
-3371
4733
11022
13085
10131
3292
-4810
-11067
-13080
-10078
-3212
4886
11111
13075
10025
3132
-4963
-11154
-13069
-9972
-3052
5039
11197
13062
9918
2972
-5115
-11240
-13055
-9864
-2891
5190
11282
13047
9810
2811
-5266
-11324
-13039
-9755
-2731
5341
11365
13031
9700
2650
-5416
-11406
-13022
-9644
-2569
5491
11446
13012
9588
2488
-5566
-11486
-13002
-9532
-2407
5640
11525
12991
9475
2326
-5715
-11564
-12980
-9418
-2245
5789
11603
12968
9361
2164
-5862
-11641
-12956
-9303
-2083
5936
11679
12943
9245
2002
-6009
-11716
-12930
-9186
-1920
6082
11752
12916
9127
1839
-6155
-11789
-12902
-9068
-1757
6228
11824
12887
9008
1675
-6300
-11860
-12872
-8948
-1594
6372
11895
12856
8888
1512
-6444
-11929
-12840
-8827
-1430
6516
11963
12823
8766
1348
-6587
-11996
-12806
-8705
-1266
6658
12029
12788
8643
1184
-6729
-12062
-12770
-8581
-1102
6799
12094
12751
8519
1020
-6870
-12125
-12731
-8456
-938
6940
12156
12712
8393
856
-7009
-12187
-12691
-8329
-774
7079
12217
12670
8266
691
-7148
-12246
-12649
-8202
-609
7217
12276
12627
8137
527
-7285
-12304
-12605
-8072
-445
7354
12332
12582
8007
362
-7422
-12360
-12559
-7942
-280
7489
12387
12535
7876
198
-7557
-12414
-12511
-7810
-115
7624
12440
12486
7744
33
-7691
-12466
-12461
-7678
49
7757
12491
12435
7611
-132
-7824
-12516
-12409
-7543
214
7890
12540
12382
7476
-296
-7955
-12564
-12354
-7408
379
8020
12587
12327
7340
-461
-8085
-12609
-12298
-7272
543
8150
12632
12270
7203
-626
-8214
-12653
-12241
-7134
708
8278
12675
12211
7065
-790
-8342
-12695
-12181
-6995
872
8406
12716
12150
6926
-954
-8469
-12735
-12119
-6856
1037
8531
12755
12087
6785
-1119
-8594
-12773
-12055
-6715
1201
8656
12792
12023
6644
-1283
-8717
-12809
-11990
-6573
1365
8779
12826
11956
6501
-1446
-8840
-12843
-11922
-6430
1528
8900
12859
11888
6358
-1610
-8960
-12875
-11853
-6286
1692
9020
12890
11817
6213
-1773
-9080
-12905
-11781
-6141
1855
9139
12919
11745
6068
-1936
-9198
-12933
-11708
-5995
2018
9257
12946
11671
5921
-2099
-9315
-12958
-11633
-5848
2180
9372
12971
11595
5774
-2262
-9430
-12982
-11557
-5700
2343
9487
12993
11518
5625
-2424
-9543
-13004
-11478
-5551
2505
9600
13014
11438
5476
-2585
-9656
-13023
-11398
-5401
2666
9711
13032
11357
5326
-2747
-9766
-13041
-11315
-5251
2827
9821
13049
11274
5175
-2907
-9875
-13057
-11231
-5099
2988
9929
13063
11189
5024
-3068
-9983
-13070
-11145
-4947
3148
10036
13076
11102
4871
-3228
-10089
-13081
-11058
-4794
3307
10141
13086
11014
4718
-3387
-10193
-13091
-10969
-4641
3467
10245
13095
10923
4564
-3546
-10296
-13098
-10878
-4486
3625
10347
13101
10831
4409
-3704
-10397
-13103
-10785
-4331
3783
10447
13105
10738
4253
-3862
-10496
-13106
-10690
-4175
3941
10546
13107
10643
4097
-4019
-10594
-13107
-10594
-4019
4097
10643
13107
10546
3941
-4175
-10690
-13106
-10496
-3862
4253
10738
13105
10447
3783
-4331
-10785
-13103
-10397
-3704
4409
10831
13101
10347
3625
-4486
-10878
-13098
-10296
-3546
4564
10923
13095
10245
3467
-4641
-10969
-13091
-10193
-3387
4718
11014
13086
10141
3307
-4794
-11058
-13081
-10089
-3228
4871
11102
13076
10036
3148
-4947
-11145
-13070
-9983
-3068
5024
11189
13063
9929
2988
-5099
-11231
-13057
-9875
-2907
5175
11274
13049
9821
2827
-5251
-11315
-13041
-9766
-2747
5326
11357
13032
9711
2666
-5401
-11398
-13023
-9656
-2585
5476
11438
13014
9600
2505
-5551
-11478
-13004
-9543
-2424
5625
11518
12993
9487
2343
-5700
-11557
-12982
-9430
-2262
5774
11595
12971
9372
2180
-5848
-11633
-12958
-9315
-2099
5921
11671
12946
9257
2018
-5995
-11708
-12933
-9198
-1936
6068
11745
12919
9139
1855
-6141
-11781
-12905
-9080
-1773
6213
11817
12890
9020
1692
-6286
-11853
-12875
-8960
-1610
6358
11888
12859
8900
1528
-6430
-11922
-12843
-8840
-1446
6501
11956
12826
8779
1365
-6573
-11990
-12809
-8717
-1283
6644
12023
12792
8656
1201
-6715
-12055
-12773
-8594
-1119
6785
12087
12755
8531
1037
-6856
-12119
-12735
-8469
-954
6926
12150
12716
8406
872
-6995
-12181
-12695
-8342
-790
7065
12211
12675
8278
708
-7134
-12241
-12653
-8214
-626
7203
12270
12632
8150
543
-7272
-12298
-12609
-8085
-461
7340
12327
12587
8020
379
-7408
-12354
-12564
-7955
-296
7476
12382
12540
7890
214
-7543
-12409
-12516
-7824
-132
7611
12435
12491
7757
49
-7678
-12461
-12466
-7691
33
7744
12486
12440
7624
-115
-7810
-12511
-12414
-7557
198
7876
12535
12387
7489
-280
-7942
-12559
-12360
-7422
362
8007
12582
12332
7354
-445
-8072
-12605
-12304
-7285
527
8137
12627
12276
7217
-609
-8202
-12649
-12246
-7148
691
8266
12670
12217
7079
-774
-8329
-12691
-12187
-7009
856
8393
12712
12156
6940
-938
-8456
-12731
-12125
-6870
1020
8519
12751
12094
6799
-1102
-8581
-12770
-12062
-6729
1184
8643
12788
12029
6658
-1266
-8705
-12806
-11996
-6587
1348
8766
12823
11963
6516
-1430
-8827
-12840
-11929
-6444
1512
8888
12856
11895
6372
-1594
-8948
-12872
-11860
-6300
1675
9008
12887
11824
6228
-1757
-9068
-12902
-11789
-6155
1839
9127
12916
11752
6082
-1920
-9186
-12930
-11716
-6009
2002
9245
12943
11679
5936
-2083
-9303
-12956
-11641
-5862
2164
9361
12968
11603
5789
-2245
-9418
-12980
-11564
-5715
2326
9475
12991
11525
5640
-2407
-9532
-13002
-11486
-5566
2488
9588
13012
11446
5491
-2569
-9644
-13022
-11406
-5416
2650
9700
13031
11365
5341
-2731
-9755
-13039
-11324
-5266
2811
9810
13047
11282
5190
-2891
-9864
-13055
-11240
-5115
2972
9918
13062
11197
5039
-3052
-9972
-13069
-11154
-4963
3132
10025
13075
11111
4886
-3212
-10078
-13080
-11067
-4810
3292
10131
13085
11022
4733
-3371
-10183
-13090
-10978
-4656
3451
10234
13094
10932
4579
-3530
-10286
-13097
-10887
-4502
3609
10336
13100
10841
4424
-3688
-10387
-13103
-10794
-4347
3767
10437
13105
10747
4269
-3846
-10487
-13106
-10700
-4191
3925
10536
13107
10652
4113
-4003
-10585
-13107
-10604
-4035
4082
10633
13107
10555
3956
-4160
-10681
-13106
-10506
-3878
4238
10728
13105
10457
3799
-4316
-10775
-13103
-10407
-3720
4393
10822
13101
10357
3641
-4471
-10868
-13098
-10306
-3562
4548
10914
13095
10255
3482
-4625
-10960
-13091
-10203
-3403
4702
11005
13087
10152
3323
-4779
-11049
-13082
-10099
-3244
4856
11093
13077
10047
3164
-4932
-11137
-13071
-9993
-3084
5008
11180
13065
9940
3004
-5084
-11223
-13058
-9886
-2924
5160
11265
13051
9832
2843
-5236
-11307
-13043
-9777
-2763
5311
11348
13034
9722
2682
-5386
-11389
-13025
-9667
-2601
5461
11430
13016
9611
2521
-5536
-11470
-13006
-9555
-2440
5611
11510
12995
9498
2359
-5685
-11549
-12984
-9441
-2278
5759
11588
12973
9384
2197
-5833
-11626
-12961
-9326
-2115
5906
11664
12948
9268
2034
-5980
-11701
-12935
-9210
-1953
6053
11738
12922
9151
1871
-6126
-11774
-12908
-9092
-1790
6199
11810
12893
9032
1708
-6271
-11846
-12878
-8972
-1626
6343
11881
12863
8912
1545
-6415
-11915
-12846
-8852
-1463
6487
11949
12830
8791
1381
-6558
-11983
-12813
-8730
-1299
6630
12016
12795
8668
1217
-6700
-12049
-12777
-8606
-1135
6771
12081
12758
8544
1053
-6841
-12113
-12739
-8481
-971
6912
12144
12720
8418
889
-6981
-12175
-12699
-8355
-807
7051
12205
12679
8291
724
-7120
-12235
-12658
-8227
-642
7189
12264
12636
8163
560
-7258
-12293
-12614
-8098
-478
7326
12321
12591
8033
395
-7395
-12349
-12568
-7968
-313
7462
12376
12545
7903
231
-7530
-12403
-12520
-7837
-148
7597
12430
12496
7771
66
-7664
-12455
-12471
-7704
16
7731
12481
12445
7637
-99
-7797
-12506
-12419
-7570
181
7863
12530
12393
7503
-264
-7929
-12554
-12365
-7435
346
7994
12578
12338
7367
-428
-8059
-12600
-12310
-7299
510
8124
12623
12281
7231
-593
-8189
-12645
-12252
-7162
675
8253
12666
12223
7093
-757
-8317
-12687
-12193
-7023
839
8380
12708
12162
6954
-922
-8443
-12728
-12131
-6884
1004
8506
12747
12100
6813
-1086
-8569
-12766
-12068
-6743
1168
8631
12784
12036
6672
-1250
-8693
-12802
-12003
-6601
1332
8754
12820
11970
6530
-1414
-8815
-12837
-11936
-6458
1496
8876
12853
11901
6386
-1577
-8936
-12869
-11867
-6314
1659
8996
12884
11832
6242
-1741
-9056
-12899
-11796
-6170
1822
9116
12913
11760
6097
-1904
-9175
-12927
-11723
-6024
1985
9233
12941
11686
5951
-2067
-9291
-12953
-11649
-5877
2148
9349
12966
11611
5803
-2229
-9407
-12978
-11572
-5729
2310
9464
12989
11533
5655
-2391
-9521
-13000
-11494
-5581
2472
9577
13010
11454
5506
-2553
-9633
-13020
-11414
-5431
2634
9689
13029
11373
5356
-2714
-9744
-13038
-11332
-5281
2795
9799
13046
11290
5205
-2875
-9854
-13054
-11248
-5130
2956
9908
13061
11206
5054
-3036
-9961
-13067
-11163
-4978
3116
10015
13074
11119
4902
-3196
-10068
-13079
-11076
-4825
3276
10120
13084
11031
4748
-3355
-10172
-13089
-10987
-4672
3435
10224
13093
10942
4595
-3514
-10275
-13097
-10896
-4517
3593
10326
13100
10850
4440
-3673
-10377
-13102
-10804
-4362
3752
10427
13104
10757
4285
-3830
-10477
-13106
-10709
-4207
3909
10526
13107
10662
4129
-3988
-10575
-13107
-10614
-4050
4066
10623
13107
10565
3972
-4144
-10671
-13107
-10516
-3893
4222
10719
13105
10467
3815
-4300
-10766
-13104
-10417
-3736
4378
10813
13102
10367
3657
-4455
-10859
-13099
-10316
-3578
4533
10905
13096
10265
3498
-4610
-10951
-13092
-10214
-3419
4687
10996
13088
10162
3339
-4764
-11040
-13083
-10110
-3260
4840
11084
13078
10057
3180
-4917
-11128
-13072
-10004
-3100
4993
11171
13066
9951
3020
-5069
-11214
-13059
-9897
-2940
5145
11257
13052
9843
2859
-5221
-11299
-13044
-9788
-2779
5296
11340
13036
9733
2698
-5371
-11381
-13027
-9678
-2618
5446
11422
13018
9622
2537
-5521
-11462
-13008
-9566
-2456
5596
11502
12998
9510
2375
-5670
-11541
-12987
-9453
-2294
5744
11580
12975
9395
2213
-5818
-11618
-12963
-9338
-2132
5892
11656
12951
9280
2050
-5965
-11694
-12938
-9221
-1969
6038
11730
12925
9163
1888
-6111
-11767
-12911
-9104
-1806
6184
11803
12896
9044
1724
-6257
-11839
-12881
-8984
-1643
6329
11874
12866
8924
1561
-6401
-11908
-12850
-8864
-1479
6473
11943
12833
8803
1397
-6544
-11976
-12816
-8742
-1315
6615
12009
12799
8680
1233
-6686
-12042
-12781
-8618
-1151
6757
12075
12762
8556
1069
-6827
-12106
-12743
-8494
-987
6898
12138
12724
8431
905
-6967
-12168
-12704
-8368
-823
7037
12199
12683
8304
741
-7106
-12229
-12662
-8240
-659
7175
12258
12640
8176
576
-7244
-12287
-12618
-8111
-494
7313
12315
12596
8047
412
-7381
-12343
-12573
-7981
-329
7449
12371
12549
7916
247
-7516
-12398
-12525
-7850
-165
7584
12424
12501
7784
82
-7651
-12450
-12476
-7718
0
7718
12476
12450
7651
-82
-7784
-12501
-12424
-7584
165
7850
12525
12398
7516
-247
-7916
-12549
-12371
-7449
329
7981
12573
12343
7381
-412
-8047
-12596
-12315
-7313
494
8111
12618
12287
7244
-576
-8176
-12640
-12258
-7175
659
8240
12662
12229
7106
-741
-8304
-12683
-12199
-7037
823
8368
12704
12168
6967
-905
-8431
-12724
-12138
-6898
987
8494
12743
12106
6827
-1069
-8556
-12762
-12075
-6757
1151
8618
12781
12042
6686
-1233
-8680
-12799
-12009
-6615
1315
8742
12816
11976
6544
-1397
-8803
-12833
-11943
-6473
1479
8864
12850
11908
6401
-1561
-8924
-12866
-11874
-6329
1643
8984
12881
11839
6257
-1724
-9044
-12896
-11803
-6184
1806
9104
12911
11767
6111
-1888
-9163
-12925
-11730
-6038
1969
9221
12938
11694
5965
-2050
-9280
-12951
-11656
-5892
2132
9338
12963
11618
5818
-2213
-9395
-12975
-11580
-5744
2294
9453
12987
11541
5670
-2375
-9510
-12998
-11502
-5596
2456
9566
13008
11462
5521
-2537
-9622
-13018
-11422
-5446
2618
9678
13027
11381
5371
-2698
-9733
-13036
-11340
-5296
2779
9788
13044
11299
5221
-2859
-9843
-13052
-11257
-5145
2940
9897
13059
11214
5069
-3020
-9951
-13066
-11171
-4993
3100
10004
13072
11128
4917
-3180
-10057
-13078
-11084
-4840
3260
10110
13083
11040
4764
-3339
-10162
-13088
-10996
-4687
3419
10214
13092
10951
4610
-3498
-10265
-13096
-10905
-4533
3578
10316
13099
10859
4455
-3657
-10367
-13102
-10813
-4378
3736
10417
13104
10766
4300
-3815
-10467
-13105
-10719
-4222
3893
10516
13107
10671
4144
-3972
-10565
-13107
-10623
-4066
4050
10614
13107
10575
3988
-4129
-10662
-13107
-10526
-3909
4207
10709
13106
10477
3830
-4285
-10757
-13104
-10427
-3752
4362
10804
13102
10377
3673
-4440
-10850
-13100
-10326
-3593
4517
10896
13097
10275
3514
-4595
-10942
-13093
-10224
-3435
4672
10987
13089
10172
3355
-4748
-11031
-13084
-10120
-3276
4825
11076
13079
10068
3196
-4902
-11119
-13074
-10015
-3116
4978
11163
13067
9961
3036
-5054
-11206
-13061
-9908
-2956
5130
11248
13054
9854
2875
-5205
-11290
-13046
-9799
-2795
5281
11332
13038
9744
2714
-5356
-11373
-13029
-9689
-2634
5431
11414
13020
9633
2553
-5506
-11454
-13010
-9577
-2472
5581
11494
13000
9521
2391
-5655
-11533
-12989
-9464
-2310
5729
11572
12978
9407
2229
-5803
-11611
-12966
-9349
-2148
5877
11649
12953
9291
2067
-5951
-11686
-12941
-9233
-1985
6024
11723
12927
9175
1904
-6097
-11760
-12913
-9116
-1822
6170
11796
12899
9056
1741
-6242
-11832
-12884
-8996
-1659
6314
11867
12869
8936
1577
-6386
-11901
-12853
-8876
-1496
6458
11936
12837
8815
1414
-6530
-11970
-12820
-8754
-1332
6601
12003
12802
8693
1250
-6672
-12036
-12784
-8631
-1168
6743
12068
12766
8569
1086
-6813
-12100
-12747
-8506
-1004
6884
12131
12728
8443
922
-6954
-12162
-12708
-8380
-839
7023
12193
12687
8317
757
-7093
-12223
-12666
-8253
-675
7162
12252
12645
8189
593
-7231
-12281
-12623
-8124
-510
7299
12310
12600
8059
428
-7367
-12338
-12578
-7994
-346
7435
12365
12554
7929
264
-7503
-12393
-12530
-7863
-181
7570
12419
12506
7797
99
-7637
-12445
-12481
-7731
-16
7704
12471
12455
7664
-66
-7771
-12496
-12430
-7597
148
7837
12520
12403
7530
-231
-7903
-12545
-12376
-7462
313
7968
12568
12349
7395
-395
-8033
-12591
-12321
-7326
478
8098
12614
12293
7258
-560
-8163
-12636
-12264
-7189
642
8227
12658
12235
7120
-724
-8291
-12679
-12205
-7051
807
8355
12699
12175
6981
-889
-8418
-12720
-12144
-6912
971
8481
12739
12113
6841
-1053
-8544
-12758
-12081
-6771
1135
8606
12777
12049
6700
-1217
-8668
-12795
-12016
-6630
1299
8730
12813
11983
6558
-1381
-8791
-12830
-11949
-6487
1463
8852
12846
11915
6415
-1545
-8912
-12863
-11881
-6343
1626
8972
12878
11846
6271
-1708
-9032
-12893
-11810
-6199
1790
9092
12908
11774
6126
-1871
-9151
-12922
-11738
-6053
1953
9210
12935
11701
5980
-2034
-9268
-12948
-11664
-5906
2115
9326
12961
11626
5833
-2197
-9384
-12973
-11588
-5759
2278
9441
12984
11549
5685
-2359
-9498
-12995
-11510
-5611
2440
9555
13006
11470
5536
-2521
-9611
-13016
-11430
-5461
2601
9667
13025
11389
5386
-2682
-9722
-13034
-11348
-5311
2763
9777
13043
11307
5236
-2843
-9832
-13051
-11265
-5160
2924
9886
13058
11223
5084
-3004
-9940
-13065
-11180
-5008
3084
9993
13071
11137
4932
-3164
-10047
-13077
-11093
-4856
3244
10099
13082
11049
4779
-3323
-10152
-13087
-11005
-4702
3403
10203
13091
10960
4625
-3482
-10255
-13095
-10914
-4548
3562
10306
13098
10868
4471
-3641
-10357
-13101
-10822
-4393
3720
10407
13103
10775
4316
-3799
-10457
-13105
-10728
-4238
3878
10506
13106
10681
4160
-3956
-10555
-13107
-10633
-4082
4035
10604
13107
10585
4003
-4113
-10652
-13107
-10536
-3925
4191
10700
13106
10487
3846
-4269
-10747
-13105
-10437
-3767
4347
10794
13103
10387
3688
-4424
-10841
-13100
-10336
-3609
4502
10887
13097
10286
3530
-4579
-10932
-13094
-10234
-3451
4656
10978
13090
10183
3371
-4733
-11022
-13085
-10131
-3292
4810
11067
13080
10078
3212
-4886
-11111
-13075
-10025
-3132
4963
11154
13069
9972
3052
-5039
-11197
-13062
-9918
-2972
5115
11240
13055
9864
2891
-5190
-11282
-13047
-9810
-2811
5266
11324
13039
9755
2731
-5341
-11365
-13031
-9700
-2650
5416
11406
13022
9644
2569
-5491
-11446
-13012
-9588
-2488
5566
11486
13002
9532
2407
-5640
-11525
-12991
-9475
-2326
5715
11564
12980
9418
2245
-5789
-11603
-12968
-9361
-2164
5862
11641
12956
9303
2083
-5936
-11679
-12943
-9245
-2002
6009
11716
12930
9186
1920
-6082
-11752
-12916
-9127
-1839
6155
11789
12902
9068
1757
-6228
-11824
-12887
-9008
-1675
6300
11860
12872
8948
1594
-6372
-11895
-12856
-8888
-1512
6444
11929
12840
8827
1430
-6516
-11963
-12823
-8766
-1348
6587
11996
12806
8705
1266
-6658
-12029
-12788
-8643
-1184
6729
12062
12770
8581
1102
-6799
-12094
-12751
-8519
-1020
6870
12125
12731
8456
938
-6940
-12156
-12712
-8393
-856
7009
12187
12691
8329
774
-7079
-12217
-12670
-8266
-691
7148
12246
12649
8202
609
-7217
-12276
-12627
-8137
-527
7285
12304
12605
8072
445
-7354
-12332
-12582
-8007
-362
7422
12360
12559
7942
280
-7489
-12387
-12535
-7876
-198
7557
12414
12511
7810
115
-7624
-12440
-12486
-7744
-33
7691
12466
12461
7678
-49
-7757
-12491
-12435
-7611
132
7824
12516
12409
7543
-214
-7890
-12540
-12382
-7476
296
7955
12564
12354
7408
-379
-8020
-12587
-12327
-7340
461
8085
12609
12298
7272
-543
-8150
-12632
-12270
-7203
626
8214
12653
12241
7134
-708
-8278
-12675
-12211
-7065
790
8342
12695
12181
6995
-872
-8406
-12716
-12150
-6926
954
8469
12735
12119
6856
-1037
-8531
-12755
-12087
-6785
1119
8594
12773
12055
6715
-1201
-8656
-12792
-12023
-6644
1283
8717
12809
11990
6573
-1365
-8779
-12826
-11956
-6501
1446
8840
12843
11922
6430
-1528
-8900
-12859
-11888
-6358
1610
8960
12875
11853
6286
-1692
-9020
-12890
-11817
-6213
1773
9080
12905
11781
6141
-1855
-9139
-12919
-11745
-6068
1936
9198
12933
11708
5995
-2018
-9257
-12946
-11671
-5921
2099
9315
12958
11633
5848
-2180
-9372
-12971
-11595
-5774
2262
9430
12982
11557
5700
-2343
-9487
-12993
-11518
-5625
2424
9543
13004
11478
5551
-2505
-9600
-13014
-11438
-5476
2585
9656
13023
11398
5401
-2666
-9711
-13032
-11357
-5326
2747
9766
13041
11315
5251
-2827
-9821
-13049
-11274
-5175
2907
9875
13057
11231
5099
-2988
-9929
-13063
-11189
-5024
3068
9983
13070
11145
4947
-3148
-10036
-13076
-11102
-4871
3228
10089
13081
11058
4794
-3307
-10141
-13086
-11014
-4718
3387
10193
13091
10969
4641
-3467
-10245
-13095
-10923
-4564
3546
10296
13098
10878
4486
-3625
-10347
-13101
-10831
-4409
3704
10397
13103
10785
4331
-3783
-10447
-13105
-10738
-4253
3862
10496
13106
10690
4175
-3941
-10546
-13107
-10643
-4097
4019
10594
13107
10594
4019
-4097
-10643
-13107
-10546
-3941
4175
10690
13106
10496
3862
-4253
-10738
-13105
-10447
-3783
4331
10785
13103
10397
3704
-4409
-10831
-13101
-10347
-3625
4486
10878
13098
10296
3546
-4564
-10923
-13095
-10245
-3467
4641
10969
13091
10193
3387
-4718
-11014
-13086
-10141
-3307
4794
11058
13081
10089
3228
-4871
-11102
-13076
-10036
-3148
4947
11145
13070
9983
3068
-5024
-11189
-13063
-9929
-2988
5099
11231
13057
9875
2907
-5175
-11274
-13049
-9821
-2827
5251
11315
13041
9766
2747
-5326
-11357
-13032
-9711
-2666
5401
11398
13023
9656
2585
-5476
-11438
-13014
-9600
-2505
5551
11478
13004
9543
2424
-5625
-11518
-12993
-9487
-2343
5700
11557
12982
9430
2262
-5774
-11595
-12971
-9372
-2180
5848
11633
12958
9315
2099
-5921
-11671
-12946
-9257
-2018
5995
11708
12933
9198
1936
-6068
-11745
-12919
-9139
-1855
6141
11781
12905
9080
1773
-6213
-11817
-12890
-9020
-1692
6286
11853
12875
8960
1610
-6358
-11888
-12859
-8900
-1528
6430
11922
12843
8840
1446
-6501
-11956
-12826
-8779
-1365
6573
11990
12809
8717
1283
-6644
-12023
-12792
-8656
-1201
6715
12055
12773
8594
1119
-6785
-12087
-12755
-8531
-1037
6856
12119
12735
8469
954
-6926
-12150
-12716
-8406
-872
6995
12181
12695
8342
790
-7065
-12211
-12675
-8278
-708
7134
12241
12653
8214
626
-7203
-12270
-12632
-8150
-543
7272
12298
12609
8085
461
-7340
-12327
-12587
-8020
-379
7408
12354
12564
7955
296
-7476
-12382
-12540
-7890
-214
7543
12409
12516
7824
132
-7611
-12435
-12491
-7757
-49
7678
12461
12466
7691
-33
-7744
-12486
-12440
-7624
115
7810
12511
12414
7557
-198
-7876
-12535
-12387
-7489
280
7942
12559
12360
7422
-362
-8007
-12582
-12332
-7354
445
8072
12605
12304
7285
-527
-8137
-12627
-12276
-7217
609
8202
12649
12246
7148
-691
-8266
-12670
-12217
-7079
774
8329
12691
12187
7009
-856
-8393
-12712
-12156
-6940
938
8456
12731
12125
6870
-1020
-8519
-12751
-12094
-6799
1102
8581
12770
12062
6729
-1184
-8643
-12788
-12029
-6658
1266
8705
12806
11996
6587
-1348
-8766
-12823
-11963
-6516
1430
8827
12840
11929
6444
-1512
-8888
-12856
-11895
-6372
1594
8948
12872
11860
6300
-1675
-9008
-12887
-11824
-6228
1757
9068
12902
11789
6155
-1839
-9127
-12916
-11752
-6082
1920
9186
12930
11716
6009
-2002
-9245
-12943
-11679
-5936
2083
9303
12956
11641
5862
-2164
-9361
-12968
-11603
-5789
2245
9418
12980
11564
5715
-2326
-9475
-12991
-11525
-5640
2407
9532
13002
11486
5566
-2488
-9588
-13012
-11446
-5491
2569
9644
13022
11406
5416
-2650
-9700
-13031
-11365
-5341
2731
9755
13039
11324
5266
-2811
-9810
-13047
-11282
-5190
2891
9864
13055
11240
5115
-2972
-9918
-13062
-11197
-5039
3052
9972
13069
11154
4963
-3132
-10025
-13075
-11111
-4886
3212
10078
13080
11067
4810
-3292
-10131
-13085
-11022
-4733
3371
10183
13090
10978
4656
-3451
-10234
-13094
-10932
-4579
3530
10286
13097
10887
4502
-3609
-10336
-13100
-10841
-4424
3688
10387
13103
10794
4347
-3767
-10437
-13105
-10747
-4269
3846
10487
13106
10700
4191
-3925
-10536
-13107
-10652
-4113
4003
10585
13107
10604
4035
-4082
-10633
-13107
-10555
-3956
4160
10681
13106
10506
3878
-4238
-10728
-13105
-10457
-3799
4316
10775
13103
10407
3720
-4393
-10822
-13101
-10357
-3641
4471
10868
13098
10306
3562
-4548
-10914
-13095
-10255
-3482
4625
10960
13091
10203
3403
-4702
-11005
-13087
-10152
-3323
4779
11049
13082
10099
3244
-4856
-11093
-13077
-10047
-3164
4932
11137
13071
9993
3084
-5008
-11180
-13065
-9940
-3004
5084
11223
13058
9886
2924
-5160
-11265
-13051
-9832
-2843
5236
11307
13043
9777
2763
-5311
-11348
-13034
-9722
-2682
5386
11389
13025
9667
2601
-5461
-11430
-13016
-9611
-2521
5536
11470
13006
9555
2440
-5611
-11510
-12995
-9498
-2359
5685
11549
12984
9441
2278
-5759
-11588
-12973
-9384
-2197
5833
11626
12961
9326
2115
-5906
-11664
-12948
-9268
-2034
5980
11701
12935
9210
1953
-6053
-11738
-12922
-9151
-1871
6126
11774
12908
9092
1790
-6199
-11810
-12893
-9032
-1708
6271
11846
12878
8972
1626
-6343
-11881
-12863
-8912
-1545
6415
11915
12846
8852
1463
-6487
-11949
-12830
-8791
-1381
6558
11983
12813
8730
1299
-6630
-12016
-12795
-8668
-1217
6700
12049
12777
8606
1135
-6771
-12081
-12758
-8544
-1053
6841
12113
12739
8481
971
-6912
-12144
-12720
-8418
-889
6981
12175
12699
8355
807
-7051
-12205
-12679
-8291
-724
7120
12235
12658
8227
642
-7189
-12264
-12636
-8163
-560
7258
12293
12614
8098
478
-7326
-12321
-12591
-8033
-395
7395
12349
12568
7968
313
-7462
-12376
-12545
-7903
-231
7530
12403
12520
7837
148
-7597
-12430
-12496
-7771
-66
7664
12455
12471
7704
-16
-7731
-12481
-12445
-7637
99
7797
12506
12419
7570
-181
-7863
-12530
-12393
-7503
264
7929
12554
12365
7435
-346
-7994
-12578
-12338
-7367
428
8059
12600
12310
7299
-510
-8124
-12623
-12281
-7231
593
8189
12645
12252
7162
-675
-8253
-12666
-12223
-7093
757
8317
12687
12193
7023
-839
-8380
-12708
-12162
-6954
922
8443
12728
12131
6884
-1004
-8506
-12747
-12100
-6813
1086
8569
12766
12068
6743
-1168
-8631
-12784
-12036
-6672
1250
8693
12802
12003
6601
-1332
-8754
-12820
-11970
-6530
1414
8815
12837
11936
6458
-1496
-8876
-12853
-11901
-6386
1577
8936
12869
11867
6314
-1659
-8996
-12884
-11832
-6242
1741
9056
12899
11796
6170
-1822
-9116
-12913
-11760
-6097
1904
9175
12927
11723
6024
-1985
-9233
-12941
-11686
-5951
2067
9291
12953
11649
5877
-2148
-9349
-12966
-11611
-5803
2229
9407
12978
11572
5729
-2310
-9464
-12989
-11533
-5655
2391
9521
13000
11494
5581
-2472
-9577
-13010
-11454
-5506
2553
9633
13020
11414
5431
-2634
-9689
-13029
-11373
-5356
2714
9744
13038
11332
5281
-2795
-9799
-13046
-11290
-5205
2875
9854
13054
11248
5130
-2956
-9908
-13061
-11206
-5054
3036
9961
13067
11163
4978
-3116
-10015
-13074
-11119
-4902
3196
10068
13079
11076
4825
-3276
-10120
-13084
-11031
-4748
3355
10172
13089
10987
4672
-3435
-10224
-13093
-10942
-4595
3514
10275
13097
10896
4517
-3593
-10326
-13100
-10850
-4440
3673
10377
13102
10804
4362
-3752
-10427
-13104
-10757
-4285
3830
10477
13106
10709
4207
-3909
-10526
-13107
-10662
-4129
3988
10575
13107
10614
4050
-4066
-10623
-13107
-10565
-3972
4144
10671
13107
10516
3893
-4222
-10719
-13105
-10467
-3815
4300
10766
13104
10417
3736
-4378
-10813
-13102
-10367
-3657
4455
10859
13099
10316
3578
-4533
-10905
-13096
-10265
-3498
4610
10951
13092
10214
3419
-4687
-10996
-13088
-10162
-3339
4764
11040
13083
10110
3260
-4840
-11084
-13078
-10057
-3180
4917
11128
13072
10004
3100
-4993
-11171
-13066
-9951
-3020
5069
11214
13059
9897
2940
-5145
-11257
-13052
-9843
-2859
5221
11299
13044
9788
2779
-5296
-11340
-13036
-9733
-2698
5371
11381
13027
9678
2618
-5446
-11422
-13018
-9622
-2537
5521
11462
13008
9566
2456
-5596
-11502
-12998
-9510
-2375
5670
11541
12987
9453
2294
-5744
-11580
-12975
-9395
-2213
5818
11618
12963
9338
2132
-5892
-11656
-12951
-9280
-2050
5965
11694
12938
9221
1969
-6038
-11730
-12925
-9163
-1888
6111
11767
12911
9104
1806
-6184
-11803
-12896
-9044
-1724
6257
11839
12881
8984
1643
-6329
-11874
-12866
-8924
-1561
6401
11908
12850
8864
1479
-6473
-11943
-12833
-8803
-1397
6544
11976
12816
8742
1315
-6615
-12009
-12799
-8680
-1233
6686
12042
12781
8618
1151
-6757
-12075
-12762
-8556
-1069
6827
12106
12743
8494
987
-6898
-12138
-12724
-8431
-905
6967
12168
12704
8368
823
-7037
-12199
-12683
-8304
-741
7106
12229
12662
8240
659
-7175
-12258
-12640
-8176
-576
7244
12287
12618
8111
494
-7313
-12315
-12596
-8047
-412
7381
12343
12573
7981
329
-7449
-12371
-12549
-7916
-247
7516
12398
12525
7850
165
-7584
-12424
-12501
-7784
-82
7651
12450
12476
7718
0
-7718
-12476
-12450
-7651
82
7784
12501
12424
7584
-165
-7850
-12525
-12398
-7516
247
7916
12549
12371
7449
-329
-7981
-12573
-12343
-7381
412
8047
12596
12315
7313
-494
-8111
-12618
-12287
-7244
576
8176
12640
12258
7175
-659
-8240
-12662
-12229
-7106
741
8304
12683
12199
7037
-823
-8368
-12704
-12168
-6967
905
8431
12724
12138
6898
-987
-8494
-12743
-12106
-6827
1069
8556
12762
12075
6757
-1151
-8618
-12781
-12042
-6686
1233
8680
12799
12009
6615
-1315
-8742
-12816
-11976
-6544
1397
8803
12833
11943
6473
-1479
-8864
-12850
-11908
-6401
1561
8924
12866
11874
6329
-1643
-8984
-12881
-11839
-6257
1724
9044
12896
11803
6184
-1806
-9104
-12911
-11767
-6111
1888
9163
12925
11730
6038
-1969
-9221
-12938
-11694
-5965
2050
9280
12951
11656
5892
-2132
-9338
-12963
-11618
-5818
2213
9395
12975
11580
5744
-2294
-9453
-12987
-11541
-5670
2375
9510
12998
11502
5596
-2456
-9566
-13008
-11462
-5521
2537
9622
13018
11422
5446
-2618
-9678
-13027
-11381
-5371
2698
9733
13036
11340
5296
-2779
-9788
-13044
-11299
-5221
2859
9843
13052
11257
5145
-2940
-9897
-13059
-11214
-5069
3020
9951
13066
11171
4993
-3100
-10004
-13072
-11128
-4917
3180
10057
13078
11084
4840
-3260
-10110
-13083
-11040
-4764
3339
10162
13088
10996
4687
-3419
-10214
-13092
-10951
-4610
3498
10265
13096
10905
4533
-3578
-10316
-13099
-10859
-4455
3657
10367
13102
10813
4378
-3736
-10417
-13104
-10766
-4300
3815
10467
13105
10719
4222
-3893
-10516
-13107
-10671
-4144
3972
10565
13107
10623
4066
-4050
-10614
-13107
-10575
-3988
4129
10662
13107
10526
3909
-4207
-10709
-13106
-10477
-3830
4285
10757
13104
10427
3752
-4362
-10804
-13102
-10377
-3673
4440
10850
13100
10326
3593
-4517
-10896
-13097
-10275
-3514
4595
10942
13093
10224
3435
-4672
-10987
-13089
-10172
-3355
4748
11031
13084
10120
3276
-4825
-11076
-13079
-10068
-3196
4902
11119
13074
10015
3116
-4978
-11163
-13067
-9961
-3036
5054
11206
13061
9908
2956
-5130
-11248
-13054
-9854
-2875
5205
11290
13046
9799
2795
-5281
-11332
-13038
-9744
-2714
5356
11373
13029
9689
2634
-5431
-11414
-13020
-9633
-2553
5506
11454
13010
9577
2472
-5581
-11494
-13000
-9521
-2391
5655
11533
12989
9464
2310
-5729
-11572
-12978
-9407
-2229
5803
11611
12966
9349
2148
-5877
-11649
-12953
-9291
-2067
5951
11686
12941
9233
1985
-6024
-11723
-12927
-9175
-1904
6097
11760
12913
9116
1822
-6170
-11796
-12899
-9056
-1741
6242
11832
12884
8996
1659
-6314
-11867
-12869
-8936
-1577
6386
11901
12853
8876
1496
-6458
-11936
-12837
-8815
-1414
6530
11970
12820
8754
1332
-6601
-12003
-12802
-8693
-1250
6672
12036
12784
8631
1168
-6743
-12068
-12766
-8569
-1086
6813
12100
12747
8506
1004
-6884
-12131
-12728
-8443
-922
6954
12162
12708
8380
839
-7023
-12193
-12687
-8317
-757
7093
12223
12666
8253
675
-7162
-12252
-12645
-8189
-593
7231
12281
12623
8124
510
-7299
-12310
-12600
-8059
-428
7367
12338
12578
7994
346
-7435
-12365
-12554
-7929
-264
7503
12393
12530
7863
181
-7570
-12419
-12506
-7797
-99
7637
12445
12481
7731
16
-7704
-12471
-12455
-7664
66
7771
12496
12430
7597
-148
-7837
-12520
-12403
-7530
231
7903
12545
12376
7462
-313
-7968
-12568
-12349
-7395
395
8033
12591
12321
7326
-478
-8098
-12614
-12293
-7258
560
8163
12636
12264
7189
-642
-8227
-12658
-12235
-7120
724
8291
12679
12205
7051
-807
-8355
-12699
-12175
-6981
889
8418
12720
12144
6912
-971
-8481
-12739
-12113
-6841
1053
8544
12758
12081
6771
-1135
-8606
-12777
-12049
-6700
1217
8668
12795
12016
6630
-1299
-8730
-12813
-11983
-6558
1381
8791
12830
11949
6487
-1463
-8852
-12846
-11915
-6415
1545
8912
12863
11881
6343
-1626
-8972
-12878
-11846
-6271
1708
9032
12893
11810
6199
-1790
-9092
-12908
-11774
-6126
1871
9151
12922
11738
6053
-1953
-9210
-12935
-11701
-5980
2034
9268
12948
11664
5906
-2115
-9326
-12961
-11626
-5833
2197
9384
12973
11588
5759
-2278
-9441
-12984
-11549
-5685
2359
9498
12995
11510
5611
-2440
-9555
-13006
-11470
-5536
2521
9611
13016
11430
5461
-2601
-9667
-13025
-11389
-5386
2682
9722
13034
11348
5311
-2763
-9777
-13043
-11307
-5236
2843
9832
13051
11265
5160
-2924
-9886
-13058
-11223
-5084
3004
9940
13065
11180
5008
-3084
-9993
-13071
-11137
-4932
3164
10047
13077
11093
4856
-3244
-10099
-13082
-11049
-4779
3323
10152
13087
11005
4702
-3403
-10203
-13091
-10960
-4625
3482
10255
13095
10914
4548
-3562
-10306
-13098
-10868
-4471
3641
10357
13101
10822
4393
-3720
-10407
-13103
-10775
-4316
3799
10457
13105
10728
4238
-3878
-10506
-13106
-10681
-4160
3956
10555
13107
10633
4082
-4035
-10604
-13107
-10585
-4003
4113
10652
13107
10536
3925
-4191
-10700
-13106
-10487
-3846
4269
10747
13105
10437
3767
-4347
-10794
-13103
-10387
-3688
4424
10841
13100
10336
3609
-4502
-10887
-13097
-10286
-3530
4579
10932
13094
10234
3451
-4656
-10978
-13090
-10183
-3371
4733
11022
13085
10131
3292
-4810
-11067
-13080
-10078
-3212
4886
11111
13075
10025
3132
-4963
-11154
-13069
-9972
-3052
5039
11197
13062
9918
2972
-5115
-11240
-13055
-9864
-2891
5190
11282
13047
9810
2811
-5266
-11324
-13039
-9755
-2731
5341
11365
13031
9700
2650
-5416
-11406
-13022
-9644
-2569
5491
11446
13012
9588
2488
-5566
-11486
-13002
-9532
-2407
5640
11525
12991
9475
2326
-5715
-11564
-12980
-9418
-2245
5789
11603
12968
9361
2164
-5862
-11641
-12956
-9303
-2083
5936
11679
12943
9245
2002
-6009
-11716
-12930
-9186
-1920
6082
11752
12916
9127
1839
-6155
-11789
-12902
-9068
-1757
6228
11824
12887
9008
1675
-6300
-11860
-12872
-8948
-1594
6372
11895
12856
8888
1512
-6444
-11929
-12840
-8827
-1430
6516
11963
12823
8766
1348
-6587
-11996
-12806
-8705
-1266
6658
12029
12788
8643
1184
-6729
-12062
-12770
-8581
-1102
6799
12094
12751
8519
1020
-6870
-12125
-12731
-8456
-938
6940
12156
12712
8393
856
-7009
-12187
-12691
-8329
-774
7079
12217
12670
8266
691
-7148
-12246
-12649
-8202
-609
7217
12276
12627
8137
527
-7285
-12304
-12605
-8072
-445
7354
12332
12582
8007
362
-7422
-12360
-12559
-7942
-280
7489
12387
12535
7876
198
-7557
-12414
-12511
-7810
-115
7624
12440
12486
7744
33
-7691
-12466
-12461
-7678
49
7757
12491
12435
7611
-132
-7824
-12516
-12409
-7543
214
7890
12540
12382
7476
-296
-7955
-12564
-12354
-7408
379
8020
12587
12327
7340
-461
-8085
-12609
-12298
-7272
543
8150
12632
12270
7203
-626
-8214
-12653
-12241
-7134
708
8278
12675
12211
7065
-790
-8342
-12695
-12181
-6995
872
8406
12716
12150
6926
-954
-8469
-12735
-12119
-6856
1037
8531
12755
12087
6785
-1119
-8594
-12773
-12055
-6715
1201
8656
12792
12023
6644
-1283
-8717
-12809
-11990
-6573
1365
8779
12826
11956
6501
-1446
-8840
-12843
-11922
-6430
1528
8900
12859
11888
6358
-1610
-8960
-12875
-11853
-6286
1692
9020
12890
11817
6213
-1773
-9080
-12905
-11781
-6141
1855
9139
12919
11745
6068
-1936
-9198
-12933
-11708
-5995
2018
9257
12946
11671
5921
-2099
-9315
-12958
-11633
-5848
2180
9372
12971
11595
5774
-2262
-9430
-12982
-11557
-5700
2343
9487
12993
11518
5625
-2424
-9543
-13004
-11478
-5551
2505
9600
13014
11438
5476
-2585
-9656
-13023
-11398
-5401
2666
9711
13032
11357
5326
-2747
-9766
-13041
-11315
-5251
2827
9821
13049
11274
5175
-2907
-9875
-13057
-11231
-5099
2988
9929
13063
11189
5024
-3068
-9983
-13070
-11145
-4947
3148
10036
13076
11102
4871
-3228
-10089
-13081
-11058
-4794
3307
10141
13086
11014
4718
-3387
-10193
-13091
-10969
-4641
3467
10245
13095
10923
4564
-3546
-10296
-13098
-10878
-4486
3625
10347
13101
10831
4409
-3704
-10397
-13103
-10785
-4331
3783
10447
13105
10738
4253
-3862
-10496
-13106
-10690
-4175
3941
10546
13107
10643
4097
-4019
-10594
-13107
-10594
-4019
4097
10643
13107
10546
3941
-4175
-10690
-13106
-10496
-3862
4253
10738
13105
10447
3783
-4331
-10785
-13103
-10397
-3704
4409
10831
13101
10347
3625
-4486
-10878
-13098
-10296
-3546
4564
10923
13095
10245
3467
-4641
-10969
-13091
-10193
-3387
4718
11014
13086
10141
3307
-4794
-11058
-13081
-10089
-3228
4871
11102
13076
10036
3148
-4947
-11145
-13070
-9983
-3068
5024
11189
13063
9929
2988
-5099
-11231
-13057
-9875
-2907
5175
11274
13049
9821
2827
-5251
-11315
-13041
-9766
-2747
5326
11357
13032
9711
2666
-5401
-11398
-13023
-9656
-2585
5476
11438
13014
9600
2505
-5551
-11478
-13004
-9543
-2424
5625
11518
12993
9487
2343
-5700
-11557
-12982
-9430
-2262
5774
11595
12971
9372
2180
-5848
-11633
-12958
-9315
-2099
5921
11671
12946
9257
2018
-5995
-11708
-12933
-9198
-1936
6068
11745
12919
9139
1855
-6141
-11781
-12905
-9080
-1773
6213
11817
12890
9020
1692
-6286
-11853
-12875
-8960
-1610
6358
11888
12859
8900
1528
-6430
-11922
-12843
-8840
-1446
6501
11956
12826
8779
1365
-6573
-11990
-12809
-8717
-1283
6644
12023
12792
8656
1201
-6715
-12055
-12773
-8594
-1119
6785
12087
12755
8531
1037
-6856
-12119
-12735
-8469
-954
6926
12150
12716
8406
872
-6995
-12181
-12695
-8342
-790
7065
12211
12675
8278
708
-7134
-12241
-12653
-8214
-626
7203
12270
12632
8150
543
-7272
-12298
-12609
-8085
-461
7340
12327
12587
8020
379
-7408
-12354
-12564
-7955
-296
7476
12382
12540
7890
214
-7543
-12409
-12516
-7824
-132
7611
12435
12491
7757
49
-7678
-12461
-12466
-7691
33
7744
12486
12440
7624
-115
-7810
-12511
-12414
-7557
198
7876
12535
12387
7489
-280
-7942
-12559
-12360
-7422
362
8007
12582
12332
7354
-445
-8072
-12605
-12304
-7285
527
8137
12627
12276
7217
-609
-8202
-12649
-12246
-7148
691
8266
12670
12217
7079
-774
-8329
-12691
-12187
-7009
856
8393
12712
12156
6940
-938
-8456
-12731
-12125
-6870
1020
8519
12751
12094
6799
-1102
-8581
-12770
-12062
-6729
1184
8643
12788
12029
6658
-1266
-8705
-12806
-11996
-6587
1348
8766
12823
11963
6516
-1430
-8827
-12840
-11929
-6444
1512
8888
12856
11895
6372
-1594
-8948
-12872
-11860
-6300
1675
9008
12887
11824
6228
-1757
-9068
-12902
-11789
-6155
1839
9127
12916
11752
6082
-1920
-9186
-12930
-11716
-6009
2002
9245
12943
11679
5936
-2083
-9303
-12956
-11641
-5862
2164
9361
12968
11603
5789
-2245
-9418
-12980
-11564
-5715
2326
9475
12991
11525
5640
-2407
-9532
-13002
-11486
-5566
2488
9588
13012
11446
5491
-2569
-9644
-13022
-11406
-5416
2650
9700
13031
11365
5341
-2731
-9755
-13039
-11324
-5266
2811
9810
13047
11282
5190
-2891
-9864
-13055
-11240
-5115
2972
9918
13062
11197
5039
-3052
-9972
-13069
-11154
-4963
3132
10025
13075
11111
4886
-3212
-10078
-13080
-11067
-4810
3292
10131
13085
11022
4733
-3371
-10183
-13090
-10978
-4656
3451
10234
13094
10932
4579
-3530
-10286
-13097
-10887
-4502
3609
10336
13100
10841
4424
-3688
-10387
-13103
-10794
-4347
3767
10437
13105
10747
4269
-3846
-10487
-13106
-10700
-4191
3925
10536
13107
10652
4113
-4003
-10585
-13107
-10604
-4035
4082
10633
13107
10555
3956
-4160
-10681
-13106
-10506
-3878
4238
10728
13105
10457
3799
-4316
-10775
-13103
-10407
-3720
4393
10822
13101
10357
3641
-4471
-10868
-13098
-10306
-3562
4548
10914
13095
10255
3482
-4625
-10960
-13091
-10203
-3403
4702
11005
13087
10152
3323
-4779
-11049
-13082
-10099
-3244
4856
11093
13077
10047
3164
-4932
-11137
-13071
-9993
-3084
5008
11180
13065
9940
3004
-5084
-11223
-13058
-9886
-2924
5160
11265
13051
9832
2843
-5236
-11307
-13043
-9777
-2763
5311
11348
13034
9722
2682
-5386
-11389
-13025
-9667
-2601
5461
11430
13016
9611
2521
-5536
-11470
-13006
-9555
-2440
5611
11510
12995
9498
2359
-5685
-11549
-12984
-9441
-2278
5759
11588
12973
9384
2197
-5833
-11626
-12961
-9326
-2115
5906
11664
12948
9268
2034
-5980
-11701
-12935
-9210
-1953
6053
11738
12922
9151
1871
-6126
-11774
-12908
-9092
-1790
6199
11810
12893
9032
1708
-6271
-11846
-12878
-8972
-1626
6343
11881
12863
8912
1545
-6415
-11915
-12846
-8852
-1463
6487
11949
12830
8791
1381
-6558
-11983
-12813
-8730
-1299
6630
12016
12795
8668
1217
-6700
-12049
-12777
-8606
-1135
6771
12081
12758
8544
1053
-6841
-12113
-12739
-8481
-971
6912
12144
12720
8418
889
-6981
-12175
-12699
-8355
-807
7051
12205
12679
8291
724
-7120
-12235
-12658
-8227
-642
7189
12264
12636
8163
560
-7258
-12293
-12614
-8098
-478
7326
12321
12591
8033
395
-7395
-12349
-12568
-7968
-313
7462
12376
12545
7903
231
-7530
-12403
-12520
-7837
-148
7597
12430
12496
7771
66
-7664
-12455
-12471
-7704
16
7731
12481
12445
7637
-99
-7797
-12506
-12419
-7570
181
7863
12530
12393
7503
-264
-7929
-12554
-12365
-7435
346
7994
12578
12338
7367
-428
-8059
-12600
-12310
-7299
510
8124
12623
12281
7231
-593
-8189
-12645
-12252
-7162
675
8253
12666
12223
7093
-757
-8317
-12687
-12193
-7023
839
8380
12708
12162
6954
-922
-8443
-12728
-12131
-6884
1004
8506
12747
12100
6813
-1086
-8569
-12766
-12068
-6743
1168
8631
12784
12036
6672
-1250
-8693
-12802
-12003
-6601
1332
8754
12820
11970
6530
-1414
-8815
-12837
-11936
-6458
1496
8876
12853
11901
6386
-1577
-8936
-12869
-11867
-6314
1659
8996
12884
11832
6242
-1741
-9056
-12899
-11796
-6170
1822
9116
12913
11760
6097
-1904
-9175
-12927
-11723
-6024
1985
9233
12941
11686
5951
-2067
-9291
-12953
-11649
-5877
2148
9349
12966
11611
5803
-2229
-9407
-12978
-11572
-5729
2310
9464
12989
11533
5655
-2391
-9521
-13000
-11494
-5581
2472
9577
13010
11454
5506
-2553
-9633
-13020
-11414
-5431
2634
9689
13029
11373
5356
-2714
-9744
-13038
-11332
-5281
2795
9799
13046
11290
5205
-2875
-9854
-13054
-11248
-5130
2956
9908
13061
11206
5054
-3036
-9961
-13067
-11163
-4978
3116
10015
13074
11119
4902
-3196
-10068
-13079
-11076
-4825
3276
10120
13084
11031
4748
-3355
-10172
-13089
-10987
-4672
3435
10224
13093
10942
4595
-3514
-10275
-13097
-10896
-4517
3593
10326
13100
10850
4440
-3673
-10377
-13102
-10804
-4362
3752
10427
13104
10757
4285
-3830
-10477
-13106
-10709
-4207
3909
10526
13107
10662
4129
-3988
-10575
-13107
-10614
-4050
4066
10623
13107
10565
3972
-4144
-10671
-13107
-10516
-3893
4222
10719
13105
10467
3815
-4300
-10766
-13104
-10417
-3736
4378
10813
13102
10367
3657
-4455
-10859
-13099
-10316
-3578
4533
10905
13096
10265
3498
-4610
-10951
-13092
-10214
-3419
4687
10996
13088
10162
3339
-4764
-11040
-13083
-10110
-3260
4840
11084
13078
10057
3180
-4917
-11128
-13072
-10004
-3100
4993
11171
13066
9951
3020
-5069
-11214
-13059
-9897
-2940
5145
11257
13052
9843
2859
-5221
-11299
-13044
-9788
-2779
5296
11340
13036
9733
2698
-5371
-11381
-13027
-9678
-2618
5446
11422
13018
9622
2537
-5521
-11462
-13008
-9566
-2456
5596
11502
12998
9510
2375
-5670
-11541
-12987
-9453
-2294
5744
11580
12975
9395
2213
-5818
-11618
-12963
-9338
-2132
5892
11656
12951
9280
2050
-5965
-11694
-12938
-9221
-1969
6038
11730
12925
9163
1888
-6111
-11767
-12911
-9104
-1806
6184
11803
12896
9044
1724
-6257
-11839
-12881
-8984
-1643
6329
11874
12866
8924
1561
-6401
-11908
-12850
-8864
-1479
6473
11943
12833
8803
1397
-6544
-11976
-12816
-8742
-1315
6615
12009
12799
8680
1233
-6686
-12042
-12781
-8618
-1151
6757
12075
12762
8556
1069
-6827
-12106
-12743
-8494
-987
6898
12138
12724
8431
905
-6967
-12168
-12704
-8368
-823
7037
12199
12683
8304
741
-7106
-12229
-12662
-8240
-659
7175
12258
12640
8176
576
-7244
-12287
-12618
-8111
-494
7313
12315
12596
8047
412
-7381
-12343
-12573
-7981
-329
7449
12371
12549
7916
247
-7516
-12398
-12525
-7850
-165
7584
12424
12501
7784
82
-7651
-12450
-12476
-7718
0
7718
12476
12450
7651
-82
-7784
-12501
-12424
-7584
165
7850
12525
12398
7516
-247
-7916
-12549
-12371
-7449
329
7981
12573
12343
7381
-412
-8047
-12596
-12315
-7313
494
8111
12618
12287
7244
-576
-8176
-12640
-12258
-7175
659
8240
12662
12229
7106
-741
-8304
-12683
-12199
-7037
823
8368
12704
12168
6967
-905
-8431
-12724
-12138
-6898
987
8494
12743
12106
6827
-1069
-8556
-12762
-12075
-6757
1151
8618
12781
12042
6686
-1233
-8680
-12799
-12009
-6615
1315
8742
12816
11976
6544
-1397
-8803
-12833
-11943
-6473
1479
8864
12850
11908
6401
-1561
-8924
-12866
-11874
-6329
1643
8984
12881
11839
6257
-1724
-9044
-12896
-11803
-6184
1806
9104
12911
11767
6111
-1888
-9163
-12925
-11730
-6038
1969
9221
12938
11694
5965
-2050
-9280
-12951
-11656
-5892
2132
9338
12963
11618
5818
-2213
-9395
-12975
-11580
-5744
2294
9453
12987
11541
5670
-2375
-9510
-12998
-11502
-5596
2456
9566
13008
11462
5521
-2537
-9622
-13018
-11422
-5446
2618
9678
13027
11381
5371
-2698
-9733
-13036
-11340
-5296
2779
9788
13044
11299
5221
-2859
-9843
-13052
-11257
-5145
2940
9897
13059
11214
5069
-3020
-9951
-13066
-11171
-4993
3100
10004
13072
11128
4917
-3180
-10057
-13078
-11084
-4840
3260
10110
13083
11040
4764
-3339
-10162
-13088
-10996
-4687
3419
10214
13092
10951
4610
-3498
-10265
-13096
-10905
-4533
3578
10316
13099
10859
4455
-3657
-10367
-13102
-10813
-4378
3736
10417
13104
10766
4300
-3815
-10467
-13105
-10719
-4222
3893
10516
13107
10671
4144
-3972
-10565
-13107
-10623
-4066
4050
10614
13107
10575
3988
-4129
-10662
-13107
-10526
-3909
4207
10709
13106
10477
3830
-4285
-10757
-13104
-10427
-3752
4362
10804
13102
10377
3673
-4440
-10850
-13100
-10326
-3593
4517
10896
13097
10275
3514
-4595
-10942
-13093
-10224
-3435
4672
10987
13089
10172
3355
-4748
-11031
-13084
-10120
-3276
4825
11076
13079
10068
3196
-4902
-11119
-13074
-10015
-3116
4978
11163
13067
9961
3036
-5054
-11206
-13061
-9908
-2956
5130
11248
13054
9854
2875
-5205
-11290
-13046
-9799
-2795
5281
11332
13038
9744
2714
-5356
-11373
-13029
-9689
-2634
5431
11414
13020
9633
2553
-5506
-11454
-13010
-9577
-2472
5581
11494
13000
9521
2391
-5655
-11533
-12989
-9464
-2310
5729
11572
12978
9407
2229
-5803
-11611
-12966
-9349
-2148
5877
11649
12953
9291
2067
-5951
-11686
-12941
-9233
-1985
6024
11723
12927
9175
1904
-6097
-11760
-12913
-9116
-1822
6170
11796
12899
9056
1741
-6242
-11832
-12884
-8996
-1659
6314
11867
12869
8936
1577
-6386
-11901
-12853
-8876
-1496
6458
11936
12837
8815
1414
-6530
-11970
-12820
-8754
-1332
6601
12003
12802
8693
1250
-6672
-12036
-12784
-8631
-1168
6743
12068
12766
8569
1086
-6813
-12100
-12747
-8506
-1004
6884
12131
12728
8443
922
-6954
-12162
-12708
-8380
-839
7023
12193
12687
8317
757
-7093
-12223
-12666
-8253
-675
7162
12252
12645
8189
593
-7231
-12281
-12623
-8124
-510
7299
12310
12600
8059
428
-7367
-12338
-12578
-7994
-346
7435
12365
12554
7929
264
-7503
-12393
-12530
-7863
-181
7570
12419
12506
7797
99
-7637
-12445
-12481
-7731
-16
7704
12471
12455
7664
-66
-7771
-12496
-12430
-7597
148
7837
12520
12403
7530
-231
-7903
-12545
-12376
-7462
313
7968
12568
12349
7395
-395
-8033
-12591
-12321
-7326
478
8098
12614
12293
7258
-560
-8163
-12636
-12264
-7189
642
8227
12658
12235
7120
-724
-8291
-12679
-12205
-7051
807
8355
12699
12175
6981
-889
-8418
-12720
-12144
-6912
971
8481
12739
12113
6841
-1053
-8544
-12758
-12081
-6771
1135
8606
12777
12049
6700
-1217
-8668
-12795
-12016
-6630
1299
8730
12813
11983
6558
-1381
-8791
-12830
-11949
-6487
1463
8852
12846
11915
6415
-1545
-8912
-12863
-11881
-6343
1626
8972
12878
11846
6271
-1708
-9032
-12893
-11810
-6199
1790
9092
12908
11774
6126
-1871
-9151
-12922
-11738
-6053
1953
9210
12935
11701
5980
-2034
-9268
-12948
-11664
-5906
2115
9326
12961
11626
5833
-2197
-9384
-12973
-11588
-5759
2278
9441
12984
11549
5685
-2359
-9498
-12995
-11510
-5611
2440
9555
13006
11470
5536
-2521
-9611
-13016
-11430
-5461
2601
9667
13025
11389
5386
-2682
-9722
-13034
-11348
-5311
2763
9777
13043
11307
5236
-2843
-9832
-13051
-11265
-5160
2924
9886
13058
11223
5084
-3004
-9940
-13065
-11180
-5008
3084
9993
13071
11137
4932
-3164
-10047
-13077
-11093
-4856
3244
10099
13082
11049
4779
-3323
-10152
-13087
-11005
-4702
3403
10203
13091
10960
4625
-3482
-10255
-13095
-10914
-4548
3562
10306
13098
10868
4471
-3641
-10357
-13101
-10822
-4393
3720
10407
13103
10775
4316
-3799
-10457
-13105
-10728
-4238
3878
10506
13106
10681
4160
-3956
-10555
-13107
-10633
-4082
4035
10604
13107
10585
4003
-4113
-10652
-13107
-10536
-3925
4191
10700
13106
10487
3846
-4269
-10747
-13105
-10437
-3767
4347
10794
13103
10387
3688
-4424
-10841
-13100
-10336
-3609
4502
10887
13097
10286
3530
-4579
-10932
-13094
-10234
-3451
4656
10978
13090
10183
3371
-4733
-11022
-13085
-10131
-3292
4810
11067
13080
10078
3212
-4886
-11111
-13075
-10025
-3132
4963
11154
13069
9972
3052
-5039
-11197
-13062
-9918
-2972
5115
11240
13055
9864
2891
-5190
-11282
-13047
-9810
-2811
5266
11324
13039
9755
2731
-5341
-11365
-13031
-9700
-2650
5416
11406
13022
9644
2569
-5491
-11446
-13012
-9588
-2488
5566
11486
13002
9532
2407
-5640
-11525
-12991
-9475
-2326
5715
11564
12980
9418
2245
-5789
-11603
-12968
-9361
-2164
5862
11641
12956
9303
2083
-5936
-11679
-12943
-9245
-2002
6009
11716
12930
9186
1920
-6082
-11752
-12916
-9127
-1839
6155
11789
12902
9068
1757
-6228
-11824
-12887
-9008
-1675
6300
11860
12872
8948
1594
-6372
-11895
-12856
-8888
-1512
6444
11929
12840
8827
1430
-6516
-11963
-12823
-8766
-1348
6587
11996
12806
8705
1266
-6658
-12029
-12788
-8643
-1184
6729
12062
12770
8581
1102
-6799
-12094
-12751
-8519
-1020
6870
12125
12731
8456
938
-6940
-12156
-12712
-8393
-856
7009
12187
12691
8329
774
-7079
-12217
-12670
-8266
-691
7148
12246
12649
8202
609
-7217
-12276
-12627
-8137
-527
7285
12304
12605
8072
445
-7354
-12332
-12582
-8007
-362
7422
12360
12559
7942
280
-7489
-12387
-12535
-7876
-198
7557
12414
12511
7810
115
-7624
-12440
-12486
-7744
-33
7691
12466
12461
7678
-49
-7757
-12491
-12435
-7611
132
7824
12516
12409
7543
-214
-7890
-12540
-12382
-7476
296
7955
12564
12354
7408
-379
-8020
-12587
-12327
-7340
461
8085
12609
12298
7272
-543
-8150
-12632
-12270
-7203
626
8214
12653
12241
7134
-708
-8278
-12675
-12211
-7065
790
8342
12695
12181
6995
-872
-8406
-12716
-12150
-6926
954
8469
12735
12119
6856
-1037
-8531
-12755
-12087
-6785
1119
8594
12773
12055
6715
-1201
-8656
-12792
-12023
-6644
1283
8717
12809
11990
6573
-1365
-8779
-12826
-11956
-6501
1446
8840
12843
11922
6430
-1528
-8900
-12859
-11888
-6358
1610
8960
12875
11853
6286
-1692
-9020
-12890
-11817
-6213
1773
9080
12905
11781
6141
-1855
-9139
-12919
-11745
-6068
1936
9198
12933
11708
5995
-2018
-9257
-12946
-11671
-5921
2099
9315
12958
11633
5848
-2180
-9372
-12971
-11595
-5774
2262
9430
12982
11557
5700
-2343
-9487
-12993
-11518
-5625
2424
9543
13004
11478
5551
-2505
-9600
-13014
-11438
-5476
2585
9656
13023
11398
5401
-2666
-9711
-13032
-11357
-5326
2747
9766
13041
11315
5251
-2827
-9821
-13049
-11274
-5175
2907
9875
13057
11231
5099
-2988
-9929
-13063
-11189
-5024
3068
9983
13070
11145
4947
-3148
-10036
-13076
-11102
-4871
3228
10089
13081
11058
4794
-3307
-10141
-13086
-11014
-4718
3387
10193
13091
10969
4641
-3467
-10245
-13095
-10923
-4564
3546
10296
13098
10878
4486
-3625
-10347
-13101
-10831
-4409
3704
10397
13103
10785
4331
-3783
-10447
-13105
-10738
-4253
3862
10496
13106
10690
4175
-3941
-10546
-13107
-10643
-4097
4019
10594
13107
10594
4019
-4097
-10643
-13107
-10546
-3941
4175
10690
13106
10496
3862
-4253
-10738
-13105
-10447
-3783
4331
10785
13103
10397
3704
-4409
-10831
-13101
-10347
-3625
4486
10878
13098
10296
3546
-4564
-10923
-13095
-10245
-3467
4641
10969
13091
10193
3387
-4718
-11014
-13086
-10141
-3307
4794
11058
13081
10089
3228
-4871
-11102
-13076
-10036
-3148
4947
11145
13070
9983
3068
-5024
-11189
-13063
-9929
-2988
5099
11231
13057
9875
2907
-5175
-11274
-13049
-9821
-2827
5251
11315
13041
9766
2747
-5326
-11357
-13032
-9711
-2666
5401
11398
13023
9656
2585
-5476
-11438
-13014
-9600
-2505
5551
11478
13004
9543
2424
-5625
-11518
-12993
-9487
-2343
5700
11557
12982
9430
2262
-5774
-11595
-12971
-9372
-2180
5848
11633
12958
9315
2099
-5921
-11671
-12946
-9257
-2018
5995
11708
12933
9198
1936
-6068
-11745
-12919
-9139
-1855
6141
11781
12905
9080
1773
-6213
-11817
-12890
-9020
-1692
6286
11853
12875
8960
1610
-6358
-11888
-12859
-8900
-1528
6430
11922
12843
8840
1446
-6501
-11956
-12826
-8779
-1365
6573
11990
12809
8717
1283
-6644
-12023
-12792
-8656
-1201
6715
12055
12773
8594
1119
-6785
-12087
-12755
-8531
-1037
6856
12119
12735
8469
954
-6926
-12150
-12716
-8406
-872
6995
12181
12695
8342
790
-7065
-12211
-12675
-8278
-708
7134
12241
12653
8214
626
-7203
-12270
-12632
-8150
-543
7272
12298
12609
8085
461
-7340
-12327
-12587
-8020
-379
7408
12354
12564
7955
296
-7476
-12382
-12540
-7890
-214
7543
12409
12516
7824
132
-7611
-12435
-12491
-7757
-49
7678
12461
12466
7691
-33
-7744
-12486
-12440
-7624
115
7810
12511
12414
7557
-198
-7876
-12535
-12387
-7489
280
7942
12559
12360
7422
-362
-8007
-12582
-12332
-7354
445
8072
12605
12304
7285
-527
-8137
-12627
-12276
-7217
609
8202
12649
12246
7148
-691
-8266
-12670
-12217
-7079
774
8329
12691
12187
7009
-856
-8393
-12712
-12156
-6940
938
8456
12731
12125
6870
-1020
-8519
-12751
-12094
-6799
1102
8581
12770
12062
6729
-1184
-8643
-12788
-12029
-6658
1266
8705
12806
11996
6587
-1348
-8766
-12823
-11963
-6516
1430
8827
12840
11929
6444
-1512
-8888
-12856
-11895
-6372
1594
8948
12872
11860
6300
-1675
-9008
-12887
-11824
-6228
1757
9068
12902
11789
6155
-1839
-9127
-12916
-11752
-6082
1920
9186
12930
11716
6009
-2002
-9245
-12943
-11679
-5936
2083
9303
12956
11641
5862
-2164
-9361
-12968
-11603
-5789
2245
9418
12980
11564
5715
-2326
-9475
-12991
-11525
-5640
2407
9532
13002
11486
5566
-2488
-9588
-13012
-11446
-5491
2569
9644
13022
11406
5416
-2650
-9700
-13031
-11365
-5341
2731
9755
13039
11324
5266
-2811
-9810
-13047
-11282
-5190
2891
9864
13055
11240
5115
-2972
-9918
-13062
-11197
-5039
3052
9972
13069
11154
4963
-3132
-10025
-13075
-11111
-4886
3212
10078
13080
11067
4810
-3292
-10131
-13085
-11022
-4733
3371
10183
13090
10978
4656
-3451
-10234
-13094
-10932
-4579
3530
10286
13097
10887
4502
-3609
-10336
-13100
-10841
-4424
3688
10387
13103
10794
4347
-3767
-10437
-13105
-10747
-4269
3846
10487
13106
10700
4191
-3925
-10536
-13107
-10652
-4113
4003
10585
13107
10604
4035
-4082
-10633
-13107
-10555
-3956
4160
10681
13106
10506
3878
-4238
-10728
-13105
-10457
-3799
4316
10775
13103
10407
3720
-4393
-10822
-13101
-10357
-3641
4471
10868
13098
10306
3562
-4548
-10914
-13095
-10255
-3482
4625
10960
13091
10203
3403
-4702
-11005
-13087
-10152
-3323
4779
11049
13082
10099
3244
-4856
-11093
-13077
-10047
-3164
4932
11137
13071
9993
3084
-5008
-11180
-13065
-9940
-3004
5084
11223
13058
9886
2924
-5160
-11265
-13051
-9832
-2843
5236
11307
13043
9777
2763
-5311
-11348
-13034
-9722
-2682
5386
11389
13025
9667
2601
-5461
-11430
-13016
-9611
-2521
5536
11470
13006
9555
2440
-5611
-11510
-12995
-9498
-2359
5685
11549
12984
9441
2278
-5759
-11588
-12973
-9384
-2197
5833
11626
12961
9326
2115
-5906
-11664
-12948
-9268
-2034
5980
11701
12935
9210
1953
-6053
-11738
-12922
-9151
-1871
6126
11774
12908
9092
1790
-6199
-11810
-12893
-9032
-1708
6271
11846
12878
8972
1626
-6343
-11881
-12863
-8912
-1545
6415
11915
12846
8852
1463
-6487
-11949
-12830
-8791
-1381
6558
11983
12813
8730
1299
-6630
-12016
-12795
-8668
-1217
6700
12049
12777
8606
1135
-6771
-12081
-12758
-8544
-1053
6841
12113
12739
8481
971
-6912
-12144
-12720
-8418
-889
6981
12175
12699
8355
807
-7051
-12205
-12679
-8291
-724
7120
12235
12658
8227
642
-7189
-12264
-12636
-8163
-560
7258
12293
12614
8098
478
-7326
-12321
-12591
-8033
-395
7395
12349
12568
7968
313
-7462
-12376
-12545
-7903
-231
7530
12403
12520
7837
148
-7597
-12430
-12496
-7771
-66
7664
12455
12471
7704
-16
-7731
-12481
-12445
-7637
99
7797
12506
12419
7570
-181
-7863
-12530
-12393
-7503
264
7929
12554
12365
7435
-346
-7994
-12578
-12338
-7367
428
8059
12600
12310
7299
-510
-8124
-12623
-12281
-7231
593
8189
12645
12252
7162
-675
-8253
-12666
-12223
-7093
757
8317
12687
12193
7023
-839
-8380
-12708
-12162
-6954
922
8443
12728
12131
6884
-1004
-8506
-12747
-12100
-6813
1086
8569
12766
12068
6743
-1168
-8631
-12784
-12036
-6672
1250
8693
12802
12003
6601
-1332
-8754
-12820
-11970
-6530
1414
8815
12837
11936
6458
-1496
-8876
-12853
-11901
-6386
1577
8936
12869
11867
6314
-1659
-8996
-12884
-11832
-6242
1741
9056
12899
11796
6170
-1822
-9116
-12913
-11760
-6097
1904
9175
12927
11723
6024
-1985
-9233
-12941
-11686
-5951
2067
9291
12953
11649
5877
-2148
-9349
-12966
-11611
-5803
2229
9407
12978
11572
5729
-2310
-9464
-12989
-11533
-5655
2391
9521
13000
11494
5581
-2472
-9577
-13010
-11454
-5506
2553
9633
13020
11414
5431
-2634
-9689
-13029
-11373
-5356
2714
9744
13038
11332
5281
-2795
-9799
-13046
-11290
-5205
2875
9854
13054
11248
5130
-2956
-9908
-13061
-11206
-5054
3036
9961
13067
11163
4978
-3116
-10015
-13074
-11119
-4902
3196
10068
13079
11076
4825
-3276
-10120
-13084
-11031
-4748
3355
10172
13089
10987
4672
-3435
-10224
-13093
-10942
-4595
3514
10275
13097
10896
4517
-3593
-10326
-13100
-10850
-4440
3673
10377
13102
10804
4362
-3752
-10427
-13104
-10757
-4285
3830
10477
13106
10709
4207
-3909
-10526
-13107
-10662
-4129
3988
10575
13107
10614
4050
-4066
-10623
-13107
-10565
-3972
4144
10671
13107
10516
3893
-4222
-10719
-13105
-10467
-3815
4300
10766
13104
10417
3736
-4378
-10813
-13102
-10367
-3657
4455
10859
13099
10316
3578
-4533
-10905
-13096
-10265
-3498
4610
10951
13092
10214
3419
-4687
-10996
-13088
-10162
-3339
4764
11040
13083
10110
3260
-4840
-11084
-13078
-10057
-3180
4917
11128
13072
10004
3100
-4993
-11171
-13066
-9951
-3020
5069
11214
13059
9897
2940
-5145
-11257
-13052
-9843
-2859
5221
11299
13044
9788
2779
-5296
-11340
-13036
-9733
-2698
5371
11381
13027
9678
2618
-5446
-11422
-13018
-9622
-2537
5521
11462
13008
9566
2456
-5596
-11502
-12998
-9510
-2375
5670
11541
12987
9453
2294
-5744
-11580
-12975
-9395
-2213
5818
11618
12963
9338
2132
-5892
-11656
-12951
-9280
-2050
5965
11694
12938
9221
1969
-6038
-11730
-12925
-9163
-1888
6111
11767
12911
9104
1806
-6184
-11803
-12896
-9044
-1724
6257
11839
12881
8984
1643
-6329
-11874
-12866
-8924
-1561
6401
11908
12850
8864
1479
-6473
-11943
-12833
-8803
-1397
6544
11976
12816
8742
1315
-6615
-12009
-12799
-8680
-1233
6686
12042
12781
8618
1151
-6757
-12075
-12762
-8556
-1069
6827
12106
12743
8494
987
-6898
-12138
-12724
-8431
-905
6967
12168
12704
8368
823
-7037
-12199
-12683
-8304
-741
7106
12229
12662
8240
659
-7175
-12258
-12640
-8176
-576
7244
12287
12618
8111
494
-7313
-12315
-12596
-8047
-412
7381
12343
12573
7981
329
-7449
-12371
-12549
-7916
-247
7516
12398
12525
7850
165
-7584
-12424
-12501
-7784
-82
7651
12450
12476
7718
0
-7718
-12476
-12450
-7651
82
7784
12501
12424
7584
-165
-7850
-12525
-12398
-7516
247
7916
12549
12371
7449
-329
-7981
-12573
-12343
-7381
412
8047
12596
12315
7313
-494
-8111
-12618
-12287
-7244
576
8176
12640
12258
7175
-659
-8240
-12662
-12229
-7106
741
8304
12683
12199
7037
-823
-8368
-12704
-12168
-6967
905
8431
12724
12138
6898
-987
-8494
-12743
-12106
-6827
1069
8556
12762
12075
6757
-1151
-8618
-12781
-12042
-6686
1233
8680
12799
12009
6615
-1315
-8742
-12816
-11976
-6544
1397
8803
12833
11943
6473
-1479
-8864
-12850
-11908
-6401
1561
8924
12866
11874
6329
-1643
-8984
-12881
-11839
-6257
1724
9044
12896
11803
6184
-1806
-9104
-12911
-11767
-6111
1888
9163
12925
11730
6038
-1969
-9221
-12938
-11694
-5965
2050
9280
12951
11656
5892
-2132
-9338
-12963
-11618
