     0
    -3
   -24
    26
   106
  -249
    52
   606
 -1359
  2543
 15045
 12366
 -9637
-17866
   502
 17833
  9017
-13020
-15931
  4643
 18396
  5193
-15547
-13508
  8317
 18032
  1416
-17300
-10756
 11441
 16802
 -2431
-18120
 -7263
 14292
 14906
 -6330
-18285
 -3430
 16533
 12413
 -9791
-17590
   475
 17858
  9072
-12938
-16090
  4155
 18218
  5394
-15454
-13681
  8013
 17947
  1552
-17154
-10654
 11439
 16889
 -2273
-18173
 -7525
 14102
 15041
 -6155
-18299
 -3494
 16410
 12425
 -9564
-17665
    45
 17727
  9299
-12757
-16000
  4151
 18215
  5625
-15314
-13910
  7822
 18010
  1808
-16992
-10920
 11189
 17020
 -2156
-18314
 -7652
 14171
 15180
 -6035
-18414
 -3855
 16227
 12493
 -9474
-17560
   116
 17667
  9296
-12751
-16215
  3922
 18189
  5792
-15122
-13926
  7727
 18117
  2010
-16999
-11069
 11133
 17038
 -2013
-18073
 -7629
 13968
 15103
 -5859
-18257
 -3906
 16224
 12693
 -9326
-17574
    17
 17552
  9382
-12512
-16138
  3892
 18221
  5825
-15160
-14077
  7577
 18164
  2151
-16933
-11097
 11076
 17165
 -1748
-17953
 -7757
 13814
 15232
 -5720
-18453
 -4187
 16148
 12814
 -9151
-17634
  -276
 17515
  9585
-12486
-16268
  3802
 18344
  6167
-14930
-14154
  7494
 18394
  2472
-16909
-11347
 10866
 17158
 -1684
-18077
 -8000
 13776
 15350
 -5631
-18489
 -4412
 15958
 12839
 -9154
-17806
  -353
 17598
  9695
-12351
-16237
  3663
 18207
  6079
