     0
     0
     0
     0
     0
    -1
    -3
    -9
   -20
   -37
   -62
   -93
  -127
  -160
  -183
  -190
  -172
  -127
   -57
    31
   121
   192
   224
   198
   105
   -53
  -253
  -459
  -621
  -682
  -586
  -289
   232
   974
  1903
  2961
  4070
  5143
  6098
  6865
  7401
  7691
  7748
  7609
  7330
  6970
  6587
  6228
  5921
  5680
  5502
  5371
  5266
  5166
  5051
  4910
  4737
  4535
  4309
  4067
  3818
  3569
  3323
  3084
  2849
  2618
  2389
  2160
  1929
  1695
  1459
  1222
   984
   745
   508
   271
    36
  -198
  -430
  -661
  -892
 -1122
 -1352
 -1583
 -1814
 -2045
 -2276
 -2507
 -2735
 -2962
 -3185
 -3405
 -3622
 -3834
 -4044
 -4250
 -4453
 -4654
