     0
     0
     0
     0
     0
     0
     2
     5
    12
    23
    39
    59
    83
   107
   127
   138
   135
   115
    78
    29
   -25
   -72
   -97
   -90
   -42
    48
   169
   301
   415
   476
   446
   294
     0
  -445
 -1027
 -1720
 -2483
 -3265
 -4018
 -4695
 -5266
 -5713
 -6034
 -6246
 -6372
 -6446
 -6497
 -6553
 -6632
 -6744
 -6889
 -7059
 -7245
 -7433
 -7613
 -7777
 -7920
 -8044
 -8149
 -8241
 -8323
 -8399
 -8472
 -8541
 -8608
 -8672
 -8730
 -8784
 -8833
 -8876
 -8914
 -8947
 -8976
 -9001
 -9022
 -9037
 -9046
 -9048
 -9042
 -9029
 -9007
 -8978
 -8941
 -8898
 -8849
 -8796
 -8737
 -8675
 -8607
 -8535
 -8458
 -8375
 -8286
 -8190
 -8087
 -7978
 -7862
 -7740
