     0
    -4
   -10
    52
   312
   813
  1487
  2273
  3065
  3739
  4328
  4984
  5788
  6660
  7413
  7983
  8523
  9123
  9709
 10332
 11127
 11935
 12516
 12939
 13335
 13705
 14132
 14669
 15187
 15634
 16061
 16385
 16579
 16806
 17092
 17340
 17623
 18059
 18552
 18884
 18933
 18748
 18459
 18202
 18035
 17960
 18035
 18223
 18264
 17974
 17471
 17010
 16721
 16462
 16049
 15629
 15438
 15332
 14984
 14389
 13836
 13483
 13167
 12646
 11914
 11179
 10558
  9976
  9303
  8538
  7801
  7165
  6570
  5959
  5404
  4902
  4327
  3642
  2871
  1970
   912
  -148
  -888
 -1251
 -1678
 -2500
 -3482
 -4294
 -4998
 -5758
 -6505
 -7152
 -7749
 -8317
 -8812
 -9265
 -9786
-10465
-11306
-12171
-12897
-13450
-13854
-14154
-14471
-14894
-15383
-15879
-16380
-16837
-17128
-17198
-17217
-17491
-18009
-18367
-18334
-18141
-18098
-18199
-18331
-18533
-18796
-18932
-18746
-18218
-17573
-17117
-16943
-16858
-16677
-16413
-16116
-15803
-15489
-15153
-14760
-14296
-13744
-13140
-12643
-12312
-11914
-11290
-10559
 -9800
 -9013
 -8272
 -7633
 -7050
 -6469
 -5845
 -5136
 -4426
 -3811
 -3166
 -2341
 -1399
  -497
   257
   914
  1608
  2371
  3143
  3857
  4533
  5261
  6014
  6702
  7382
  8110
  8840
  9592
 10368
 11028
 11485
 11788
 12044
 12428
 13045
 13743
 14290
 14644
 14939
 15311
 15755
 16155
 16479
 16778
 16995
 17083
 17233
 17588
 17922
 17994
 17912
 17911
 18072
 18303
 18422
 18348
 18210
 18141
 18128
 18145
 18119
 17875
 17391
 16845
 16399
 16082
 15800
 15432
 14944
 14438
 13982
 13499
 12933
 12321
 11724
 11212
 10766
 10261
  9632
  8879
  8045
  7268
  6565
  5769
  4902
  4174
  3617
  3092
  2435
  1533
   530
  -224
  -648
 -1088
 -1818
 -2694
 -3487
 -4220
 -4975
 -5765
 -6627
 -7480
 -8168
 -8785
 -9503
-10185
-10635
-10987
-11479
-12091
-12614
-13015
-13481
-14059
-14617
-15068
-15418
-15777
-16203
-16540
-16745
-17050
-17528
-17955
-18135
-18052
-17851
-17791
-18002
-18294
-18367
-18209
-18062
-18024
-17982
-17904
-17843
-17766
-17657
-17506
-17247
-16931
-16599
-16119
-15486
-14898
-14428
-13985
-13536
-13125
-12697
-12147
-11505
-10854
-10195
 -9514
 -8827
 -8141
 -7399
 -6575
 -5817
 -5259
 -4695
 -3869
 -2866
 -1900
 -1064
  -366
   280
   952
  1612
  2210
  2775
  3389
  4112
  4852
  5514
  6238
  7109
  7883
  8366
  8757
  9371
 10227
 11099
 11844
 12433
 12900
 13348
 13797
 14174
 14503
 14916
 15430
 15897
 16214
 16450
 16797
 17322
 17777
 17879
 17790
 17907
 18211
 18337
 18213
 18092
 18125
 18278
 18484
 18665
 18639
 18315
 17947
 17712
 17467
 17149
 16807
 16450
 16176
 16020
 15793
 15318
 14648
 13994
 13485
 13067
 12581
 11964
 11289
 10646
 10099
  9563
  8855
  8035
  7332
  6791
  6273
  5648
  4895
  4049
  3142
  2268
  1564
  1008
   408
  -310
  -999
 -1581
 -2229
 -3107
 -4117
 -4966
 -5511
 -6001
 -6727
 -7555
 -8208
 -8750
 -9419
-10206
-10847
-11252
-11660
-12227
-12863
-13487
-14070
-14630
-15182
-15624
-15880
-16060
-16309
-16635
-16941
-17158
-17310
-17442
-17591
-17844
-18193
-18425
-18405
-18288
-18291
-18397
-18369
-18114
-17901
-17886
-17739
-17227
-16715
-16621
-16763
-16724
-16378
-15751
-14940
-14237
-13802
-13469
-13100
-12720
-12305
-11732
-10986
-10261
 -9730
 -9372
 -9059
 -8638
 -7999
 -7195
 -6395
 -5605
 -4717
 -3781
 -2872
 -1963
 -1113
  -448
   103
   806
  1745
  2664
  3356
  3922
  4476
  5071
  5792
  6635
  7576
  8513
  9190
  9593
  9987
 10499
 11032
 11527
 12085
 12749
 13462
 14207
 14847
 15217
 15506
 15995
 16583
 16940
 16937
 16774
 16753
 17005
 17448
 17883
 18152
 18221
 18135
 18039
 18099
 18258
 18360
 18405
 18416
 18306
 18071
 17791
 17455
 17025
 16668
 16557
 16499
 16126
 15429
 14732
 14228
 13860
 13564
 13329
 13052
 12636
 12133
 11613
 11065
 10454
  9764
  9055
  8401
  7764
  7063
  6268
  5395
  4578
  3914
  3201
  2271
  1363
   779
   429
    19
  -572
 -1338
 -2250
 -3220
 -4164
 -5087
 -6009
 -6863
 -7523
 -7980
 -8382
 -8818
 -9263
 -9729
-10321
-11048
-11705
-12192
-12708
-13367
-14017
-14556
-15073
-15648
-16165
-16478
-16675
-16924
-17219
-17467
-17660
-17860
-18074
-18261
-18435
-18632
-18765
-18720
-18553
-18379
-18280
-18328
-18450
-18457
-18239
-17809
-17258
-16729
-16346
-16100
-15859
-15556
-15260
-15033
-14796
-14365
-13635
-12741
-11923
-11260
-10705
-10166
 -9535
 -8889
 -8407
 -8048
 -7656
 -7076
 -6129
 -4943
 -3994
 -3449
 -2948
 -2149
 -1103
  -101
   736
  1544
  2344
  2952
  3370
  3837
  4523
  5353
  6116
  6708
  7204
  7735
  8413
  9208
  9905
 10433
 10954
 11486
 11842
 12040
 12376
 13002
 13752
 14476
 15259
 16065
 16575
 16702
 16755
 16930
 17159
 17388
 17682
 18036
 18268
 18260
 18166
 18194
 18323
 18362
 18228
 18007
 17791
 17700
 17795
 17860
 17644
 17180
 16693
 16398
 16299
 16129
 15727
 15229
 14789
 14395
 13967
 13456
 12948
 12573
 12247
 11773
 11116
 10370
  9637
  8941
  8188
  7360
  6577
  5885
  5219
  4485
  3623
  2692
  1829
  1088
   411
  -251
  -902
 -1542
 -2209
 -2951
 -3767
 -4581
 -5279
 -5850
 -6461
 -7186
 -7840
 -8307
 -8778
 -9457
-10251
-10921
-11454
-12048
-12690
-13146
-13393
-13616
-13904
-14232
-14596
-15078
-15734
-16434
-17019
-17481
-17846
-18116
-18332
-18420
-18272
-18067
-17988
-17905
-17788
-17785
-17833
-17876
-18004
-18058
-17825
-17514
-17435
-17512
-17413
-16986
-16408
-15899
-15468
-15063
-14656
-14192
-13695
-13222
-12740
-12220
-11642
-10943
-10145
 -9392
 -8797
 -8306
 -7689
 -6848
 -6016
 -5364
 -4747
 -4051
 -3352
 -2630
 -1836
 -1110
  -515
   144
   990
  1868
  2638
  3352
  4050
  4708
  5400
  6270
  7319
  8312
  8991
  9322
  9528
  9941
 10683
 11481
 12033
 12386
 12789
 13360
 14016
 14622
 15074
 15356
 15616
 16028
 16556
 16960
 17146
 17272
 17477
 17734
 17916
 17944
 17882
 17922
 18177
 18481
 18604
 18555
 18471
 18356
 18160
 17938
 17753
 17551
 17234
 16792
 16323
 15925
 15608
 15328
 15096
 14866
 14443
 13755
 13003
 12423
 12035
 11671
 11179
 10484
  9608
  8814
  8367
  8063
  7458
  6496
  5515
  4713
  4028
  3471
  3040
  2515
  1734
   810
   -50
  -764
 -1434
 -2198
 -3066
 -3899
 -4583
 -5219
 -5963
 -6771
 -7515
 -8167
 -8758
 -9328
 -9893
-10485
-11150
-11780
-12259
-12729
-13333
-13937
-14391
-14788
-15251
-15676
-15956
-16269
-16763
-17261
-17566
-17705
-17847
-18112
-18381
-18457
-18366
-18284
-18320
-18437
-18489
-18400
-18219
-17978
-17686
-17409
-17211
-17099
-16975
-16696
-16288
-15914
-15601
-15215
-14677
-14051
-13491
-13128
-12879
-12492
-11901
-11190
-10401
 -9673
 -9143
 -8728
 -8323
 -7857
 -7202
 -6336
 -5418
 -4661
 -4073
 -3366
 -2374
 -1337
  -554
    14
   643
  1440
  2247
  2951
  3591
  4284
  5076
  5830
  6477
  7197
  8094
  8981
  9717
 10373
 10914
 11232
 11468
 11857
 12355
 12788
 13219
 13875
 14730
 15470
 15899
 16139
 16435
 16881
 17291
 17436
 17395
 17427
 17609
 17874
 18108
 18220
 18295
 18430
 18570
 18692
 18788
 18721
 18436
 18062
 17681
 17343
 17172
 17156
 17058
 16713
 16251
 15871
 15552
 15214
 14869
 14448
 13823
 13102
 12548
 12212
 11878
 11340
 10594
  9764
  8988
  8331
  7727
  7105
  6502
  5960
  5375
  4577
  3578
  2559
  1664
   939
   313
  -380
 -1184
 -2007
 -2770
 -3467
 -4207
 -5041
 -5769
 -6263
 -6723
 -7369
 -8143
 -8882
 -9552
-10210
-10845
-11422
-11987
-12541
-12961
-13258
-13616
-14114
-14691
-15260
-15667
-15909
-16191
-16539
-16861
-17203
-17539
-17699
-17650
-17614
-17799
-18102
-18306
-18412
-18513
-18602
-18622
-18526
-18287
-17914
-17533
-17316
-17277
-17239
-16998
-16579
-16153
-15718
-15229
-14768
-14320
-13795
-13251
-12747
-12185
-11510
-10839
-10295
 -9831
 -9288
 -8615
 -7947
 -7324
 -6572
 -5661
 -4872
 -4398
 -3999
 -3384
 -2630
 -1868
 -1044
  -156
   709
  1519
  2308
  3140
  4022
  4894
  5658
  6295
  6880
  7478
  8168
  8961
  9690
 10209
 10563
 10961
 11573
 12318
 13015
 13613
 14174
 14746
 15240
 15539
 15690
 15862
 16176
 16654
 17164
 17509
 17688
 17858
 18061
 18194
 18223
 18293
 18488
 18610
 18519
 18381
 18353
 18373
 18345
 18193
 17863
 17445
 17106
 16830
 16473
 16042
 15657
 15307
 14906
 14490
 14129
 13767
 13326
 12859
 12413
 11902
 11223
 10419
  9683
  9170
  8820
  8402
  7721
  6864
  6168
  5723
  5209
  4401
  3409
  2456
  1659
   961
   233
  -579
 -1422
 -2191
 -2883
 -3636
 -4510
 -5365
 -6037
 -6548
 -7086
 -7759
 -8475
 -9125
 -9698
-10227
-10802
-11539
-12374
-13078
-13545
-13835
-14075
-14427
-14952
-15488
-15847
-16045
-16284
-16680
-17052
-17216
-17342
-17625
-17929
-18049
-18032
-18079
-18249
-18390
-18445
-18545
-18678
-18656
-18385
-17999
-17726
-17555
-17246
-16717
-16231
-16029
-15913
-15597
-15173
-14792
-14350
-13748
-13105
-12627
-12334
-12013
-11477
-10711
 -9837
 -9054
 -8404
 -7697
 -6819
 -5918
 -5200
 -4694
 -4249
 -3710
 -3011
 -2121
 -1112
  -270
   219
   644
  1339
  2197
  2992
  3739
  4550
  5372
  6097
  6777
  7471
  8049
  8408
  8809
  9608
 10603
 11258
 11579
 12069
 12892
 13647
 14015
 14189
 14463
 14834
 15280
 15863
 16451
 16785
 16810
 16807
 17120
 17664
 18033
 18083
 17951
 17792
 17812
 18094
 18406
 18575
 18601
 18408
 17980
 17469
 17064
 16918
 16952
 16879
 16627
 16375
 16184
 15948
 15570
 15023
 14374
 13762
 13270
 12789
 12163
 11478
 10941
 10469
  9853
  9122
  8412
  7794
  7277
  6772
  6193
  5553
  4792
  3759
  2567
  1568
   926
   543
   171
  -471
 -1388
 -2337
 -3213
 -4062
 -4868
 -5578
 -6217
 -6884
 -7640
 -8396
 -8986
 -9420
 -9877
-10466
-11175
-11956
-12688
-13212
-13527
-13819
-14189
-14561
-14896
-15288
-15833
-16491
-17081
-17431
-17598
-17737
-17817
-17777
-17752
-17880
-18066
-18148
-18138
-18132
-18136
-18089
-17982
-17905
-17890
-17856
-17776
-17672
-17493
-17168
-16756
-16395
-16035
-15498
-14822
-14200
-13694
-13198
-12629
-12074
-11602
-11110
-10550
 -9954
 -9349
 -8778
 -8182
 -7481
 -6701
 -5778
 -4759
 -4011
 -3625
 -3197
 -2466
 -1591
  -788
   -91
   566
  1282
  2099
  2885
  3490
  3988
  4599
  5389
  6204
  6939
  7664
  8443
  9216
  9837
 10320
 10926
 11754
 12542
 13041
 13300
 13515
 13825
 14236
 14650
 14975
 15202
 15373
 15556
 15841
 16289
 16833
 17303
 17588
 17759
 17977
 18216
 18308
 18248
 18207
 18263
 18297
 18176
 17977
 17878
 17872
 17813
 17738
 17678
 17430
 16927
 16336
 15789
 15332
 14859
 14210
 13463
 12902
 12659
 12535
 12301
 11924
 11401
 10699
  9845
  8933
  8123
  7514
  7068
  6656
  6126
  5409
  4512
  3468
  2380
  1466
   924
   595
    88
  -688
 -1584
 -2494
 -3288
 -3895
 -4472
 -5163
 -5896
 -6589
 -7303
 -8133
 -9043
 -9886
-10591
-11219
-11816
-12282
-12625
-13123
-13843
-14475
-14864
-15137
-15412
-15747
-16132
-16471
-16736
-17012
-17299
-17507
-17685
-17907
-18072
-18161
-18267
-18345
-18369
-18454
-18587
-18577
-18390
-18173
-17938
-17631
-17280
-16864
-16396
-16030
-15791
-15532
-15206
-14894
-14626
-14355
-13988
-13430
-12708
-11962
-11233
-10477
 -9788
 -9334
 -9012
 -8493
 -7689
 -6816
 -6011
 -5282
 -4682
 -4227
 -3817
 -3374
 -2805
 -1931
  -752
   470
  1482
  2152
  2585
  3036
  3610
  4299
  5081
  5855
  6577
  7284
  7952
  8599
  9267
  9896
 10442
 10959
 11526
 12174
 12829
 13422
 13949
 14386
 14768
 15250
 15815
 16230
 16461
 16684
 16924
 17098
 17245
 17446
 17696
 17930
 18079
 18140
 18219
 18320
 18308
 18175
 17978
 17707
 17433
 17271
 17274
 17355
 17300
 17074
 16859
 16732
 16589
 16287
 15784
 15150
 14480
 13880
 13377
 12866
 12248
 11535
 10892
 10532
 10347
  9932
  9240
  8607
  8054
  7345
  6509
  5679
  4839
  3988
  3175
  2411
  1695
   965
   125
  -738
 -1472
 -2158
 -2873
 -3452
 -3918
 -4554
 -5301
 -5939
 -6633
 -7484
 -8206
 -8712
 -9320
-10151
-10912
-11419
-11829
-12333
-12964
-13596
-14097
-14479
-14789
-15104
-15598
-16221
-16655
-16869
-17181
-17712
-18237
-18508
-18480
-18390
-18547
-18846
-18934
-18825
-18715
-18597
-18453
-18325
-18161
-17875
-17515
-17263
-17196
-17179
-17019
-16583
-15912
-15252
-14762
-14359
-13928
-13420
-12820
-12249
-11811
-11367
-10773
-10086
 -9440
 -8900
 -8414
 -7914
 -7417
 -6907
 -6243
 -5343
 -4338
 -3413
 -2612
 -1903
 -1239
  -523
   254
   923
  1395
  1889
  2676
  3689
  4700
  5623
  6415
  7001
  7449
  7935
  8562
  9290
  9993
 10585
 11063
 11537
 12146
 12801
 13312
 13720
 14129
 14550
 15009
 15476
 15803
 15942
 16129
 16546
 16999
 17333
 17617
 17832
 17958
 18067
 18129
 18163
 18298
 18475
 18526
 18486
 18498
 18534
 18411
 18054
 17568
 17079
 16647
 16300
 16058
 15857
 15602
 15311
 14998
 14583
 14030
 13389
 12719
 12060
 11439
 10903
 10490
 10119
  9654
  9058
  8390
  7683
  6927
  6193
  5562
  4937
  4200
  3355
  2436
  1520
   677
  -114
  -847
 -1459
 -2033
 -2743
 -3566
 -4345
 -5083
 -5881
 -6723
 -7514
 -8185
 -8717
 -9237
 -9919
-10664
-11192
-11490
-11807
-12299
-12987
-13782
-14456
-14940
-15414
-15874
-16195
-16459
-16701
-16883
-17127
-17450
-17676
-17771
-17859
-17958
-18054
-18272
-18648
-18903
-18789
-18462
-18206
-18121
-18196
-18311
-18257
-17968
-17510
-16890
-16150
-15498
-15167
-15086
-14904
-14467
-13912
-13337
-12774
-12267
-11705
-11014
-10353
 -9777
 -9195
 -8641
 -8108
 -7506
 -6878
 -6241
 -5469
 -4548
 -3623
 -2791
 -2067
 -1428
  -800
   -65
   804
  1653
  2352
  2937
  3504
  4119
  4790
  5462
  6111
  6844
  7750
  8701
  9495
 10060
 10508
 11042
 11690
 12282
 12734
 13129
 13586
 14172
 14843
 15379
 15618
 15747
 16000
 16313
 16571
 16803
 17029
 17218
 17426
 17699
 17965
 18199
 18402
 18446
 18272
 18060
 17967
 17930
 17886
 17916
 17955
 17816
 17529
 17231
 16940
 16646
 16343
 16014
 15691
 15351
 14872
 14283
 13754
 13310
 12889
 12464
 11960
 11328
 10649
  9953
  9215
  8488
  7744
  6931
  6194
  5611
  5017
  4294
  3505
  2740
  1963
  1124
   324
  -377
 -1008
 -1527
 -1988
 -2569
 -3340
 -4212
 -5108
 -6018
 -6844
 -7482
 -8022
 -8604
 -9270
 -9892
-10262
-10531
-11132
-12081
-12960
-13534
-13939
-14400
-14938
-15408
-15812
-16248
-16678
-16997
-17116
-17112
-17268
-17646
-17953
-18033
-18004
-17988
-18063
-18222
-18332
-18310
-18185
-17983
-17691
-17393
-17282
-17359
-17373
-17157
-16774
-16339
-15860
-15365
-15005
-14833
-14718
-14473
-13952
-13182
-12400
-11811
-11348
-10796
-10146
 -9622
 -9271
 -8832
 -8099
 -7163
 -6239
 -5448
 -4791
 -4197
 -3515
 -2645
 -1693
  -814
   -60
   572
  1178
  1829
  2445
  3010
  3656
  4454
  5331
  6156
  6861
  7556
  8350
  9134
  9785
 10404
 11052
 11597
 12039
 12628
 13416
 14129
 14623
 14962
 15168
 15348
 15659
 16041
 16312
 16486
 16778
 17270
 17755
 18078
 18343
 18567
 18562
 18345
 18204
 18283
 18417
 18412
 18305
 18204
 18049
 17794
 17579
 17410
 17136
 16795
 16496
 16202
 15888
 15582
 15214
 14703
 14143
 13618
 13068
 12474
 11865
 11245
 10655
 10122
  9652
  9187
  8567
  7768
  7000
  6430
  5960
  5337
  4488
  3564
  2645
  1720
   897
   256
  -365
 -1180
 -2240
 -3321
 -4104
 -4640
 -5163
 -5678
 -6132
 -6596
 -7141
 -7751
 -8363
 -8965
 -9681
-10627
-11652
-12466
-12992
-13377
-13781
-14265
-14800
-15293
-15695
-16055
-16410
-16718
-16911
-17065
-17349
-17699
-17845
-17695
-17455
-17395
-17527
-17580
-17525
-17665
-17991
-18128
-18023
-17971
-17976
-17780
-17363
-16910
-16530
-16207
-15880
-15522
-15136
-14759
-14439
-14116
-13692
-13204
-12744
-12262
-11647
-10993
-10568
-10346
 -9946
 -9164
 -8184
 -7295
 -6593
 -5924
 -5153
 -4271
 -3327
 -2535
 -2024
 -1536
  -790
   108
   879
  1511
  2272
  3274
  4225
  4859
  5375
  6089
  6914
  7585
  8096
  8648
  9355
 10071
 10589
 11044
 11666
 12330
 12843
 13283
 13792
 14365
 14916
 15352
 15636
 15904
 16278
 16567
 16602
 16590
 16808
 17255
 17711
 18007
 18150
 18125
 17926
 17790
 17953
 18309
 18550
 18455
 18080
 17714
 17513
 17358
 17146
 16920
 16724
 16478
 16032
 15410
 14859
 14527
 14284
 13967
 13524
 12963
 12338
 11740
 11197
 10642
 10033
  9420
  8836
  8191
  7423
  6654
  5975
  5289
  4527
  3774
  3093
  2353
  1474
   605
  -169
  -918
 -1601
 -2140
 -2642
 -3225
 -3844
 -4455
 -5075
 -5738
 -6513
 -7384
 -8239
 -9036
 -9793
-10539
-11251
-11820
-12313
-12948
-13668
-14266
-14747
-15110
-15265
-15399
-15811
-16414
-16875
-17073
-17163
-17339
-17622
-17885
-18022
-18071
-18144
-18244
-18300
-18241
-18085
-17989
-18054
-18211
-18326
-18266
-17951
-17436
-16933
-16603
-16342
-15982
-15596
-15299
-14988
-14558
-14083
-13653
-13282
-12910
-12429
-11791
-11061
-10330
 -9634
 -8971
 -8321
 -7679
 -7079
 -6493
 -5796
 -4932
 -4044
 -3282
 -2587
 -1865
 -1164
  -540
    55
   721
  1469
  2291
  3293
  4389
  5216
  5644
  5942
  6430
  7217
  8181
  9130
  9940
 10530
 10932
 11343
 11855
 12367
 12842
 13364
 13961
 14533
 14935
 15147
 15340
 15724
 16294
 16841
 17217
 17441
 17558
 17614
 17714
 17866
 17928
 17901
 17970
 18158
 18313
 18384
 18331
 18070
 17813
 17857
 18017
 17927
 17612
 17276
 16882
 16288
 15630
 15194
 14933
 14567
 14034
 13492
 13050
 12727
 12420
 11868
 10978
 10053
  9384
  8900
  8371
  7714
  7069
  6550
  6020
  5285
  4387
  3541
  2785
  1971
  1210
   772
   473
  -146
 -1104
 -2072
 -2917
 -3694
 -4479
 -5353
 -6184
 -6722
 -7084
 -7600
 -8308
 -9039
 -9747
-10557
-11509
-12371
-12916
-13172
-13305
-13521
-13924
-14427
-14977
-15645
-16315
-16686
-16714
-16688
-16842
-17117
-17324
-17441
-17647
-18007
-18281
-18265
-18103
-18079
-18255
-18405
-18280
-17901
-17533
-17403
-17448
-17393
-17110
-16718
-16332
-15937
-15500
-15079
-14725
-14363
-13891
-13346
-12863
-12439
-11966
-11399
-10719
 -9946
 -9191
 -8568
 -8032
 -7399
 -6639
 -5919
 -5264
 -4555
 -3812
 -3112
 -2418
 -1662
  -790
   207
  1139
  1770
  2161
  2538
  3004
  3571
  4209
  4920
  5798
  6777
  7627
  8304
  8959
  9663
 10313
 10829
 11306
 11884
 12582
 13282
 13880
 14382
 14782
 15093
 15474
 15974
 16407
 16676
 16848
 17022
 17298
 17651
 17902
 17978
 18058
 18288
 18523
 18588
 18566
 18556
 18488
 18295
 18017
 17738
 17511
 17334
 17167
 16965
 16763
 16613
 16436
 16093
 15586
 15075
 14699
 14347
 13824
 13215
 12631
 11955
 11219
 10594
 10063
  9505
  8857
  8186
  7641
  7152
  6492
  5696
  4959
  4273
  3588
  2986
  2417
  1623
   520
  -584
 -1318
 -1726
 -2210
 -2994
 -3953
 -4905
 -5737
 -6416
 -7014
 -7623
 -8269
 -8932
 -9554
-10076
-10496
-10950
-11669
-12639
-13516
-14056
-14373
-14663
-14994
-15378
-15794
-16256
-16794
-17271
-17538
-17623
-17596
-17556
-17625
-17830
-18124
-18454
-18717
-18734
-18513
-18294
-18169
-18056
-17966
-17943
-17915
-17798
-17596
-17366
-17152
-16937
-16624
-16153
-15641
-15211
-14833
-14405
-13816
-13046
-12295
-11731
-11189
-10499
 -9785
 -9162
 -8560
 -7885
 -7100
 -6253
 -5494
 -4901
 -4346
 -3682
 -2893
 -2005
 -1120
  -385
   231
   867
  1572
  2327
  3058
  3700
  4267
  4830
  5528
  6452
  7435
  8214
  8788
  9375
 10095
 10804
 11309
 11688
 12154
 12711
 13256
 13794
 14373
 14983
 15524
 15925
 16232
 16493
 16702
 16900
 17187
 17571
 17924
 18111
 18143
 18159
 18266
 18414
 18480
 18428
 18329
 18276
 18299
 18259
 18015
 17652
 17325
 17085
 16903
 16712
 16417
 15984
 15567
 15318
 15127
 14768
 14190
 13512
 12899
 12404
 11918
 11375
 10825
 10273
  9679
  9031
  8292
  7457
  6611
  5857
  5219
  4627
  3996
  3299
  2566
  1838
  1152
   529
  -152
 -1043
 -2036
 -2866
 -3520
 -4280
 -5294
 -6247
 -6747
 -6955
 -7375
 -8081
 -8784
 -9451
-10205
-10995
-11776
-12534
-13107
-13450
-13808
-14252
-14568
-14749
-15029
-15476
-16019
-16631
-17218
-17627
-17831
-17917
-17993
-18082
-18063
-17904
-17825
-17992
-18302
-18560
-18706
-18729
-18570
-18297
-18055
-17844
-17615
-17386
-17120
-16745
-16288
-15892
-15678
-15522
-15156
-14575
-14014
-13505
-12887
-12171
-11458
-10705
 -9887
 -9157
 -8631
 -8170
 -7595
 -6947
 -6271
 -5483
 -4676
 -4144
 -3844
 -3306
 -2325
 -1231
  -306
   480
  1179
  1797
  2422
  3128
  3907
  4769
  5619
  6217
  6594
  7066
  7788
  8696
  9623
 10373
 10922
 11454
 12059
 12621
 13072
 13536
 14093
 14598
 14937
 15213
 15538
 15882
 16190
 16480
 16788
 17086
 17370
 17687
 18030
 18305
 18384
 18254
 18077
 18015
 18113
 18263
 18278
 18154
 18055
 18017
 17865
 17437
 16834
 16380
 16228
 16169
 15956
 15604
 15215
 14745
 14140
 13538
 13095
 12714
 12222
 11666
 11187
 10717
 10070
  9260
  8432
  7651
  7041
  6643
  6156
  5362
  4432
  3596
  2952
  2483
  1947
  1081
    -8
 -1026
 -1821
 -2383
 -2862
 -3463
 -4188
 -4914
 -5643
 -6451
 -7240
 -7883
 -8479
 -9099
 -9683
-10287
-10939
-11565
-12205
-12849
-13366
-13835
-14439
-15095
-15537
-15686
-15742
-15917
-16211
-16514
-16761
-16991
-17286
-17577
-17764
-17949
-18238
-18489
-18496
-18346
-18231
-18118
-17986
-17957
-17975
-17788
-17396
-17068
-16886
-16680
-16309
-15840
-15486
-15289
-15036
-14627
-14182
-13705
-13031
-12177
-11405
-10887
-10565
-10271
 -9870
 -9295
 -8585
 -7855
 -7132
 -6333
 -5464
 -4677
 -4013
 -3267
 -2351
 -1443
  -656
    81
   792
  1375
  1822
  2349
  3101
  3950
  4767
  5656
  6678
  7561
  8058
  8331
  8682
  9275
 10106
 10968
 11707
 12388
 12968
 13306
 13523
 13881
 14446
 15088
 15612
 15927
 16187
 16599
 17090
 17408
 17495
 17493
 17533
 17685
 17956
 18259
 18489
 18594
 18588
 18516
 18368
 18083
 17740
 17485
 17319
 17210
 17184
 17148
 16958
 16585
 16034
 15406
 14929
 14656
 14375
 13950
 13494
 13094
 12669
 12178
 11634
 10973
 10184
  9400
  8801
  8395
  7969
  7319
  6462
  5584
  4811
  4112
  3447
  2795
  2106
  1398
   717
   -13
  -858
 -1724
 -2481
 -3120
 -3793
 -4640
 -5545
 -6306
 -6951
 -7610
 -8301
 -9041
 -9876
-10679
-11231
-11593
-12010
-12518
-13047
-13572
-14025
-14381
-14721
-15130
-15645
-16184
-16579
-16766
-16896
-17172
-17524
-17724
-17824
-17997
-18201
-18331
-18403
-18479
-18571
-18576
-18420
-18175
-17862
-17441
-17088
-16991
-17004
-16948
-16815
-16586
-16246
-15844
-15396
-14967
-14632
-14298
-13832
-13196
-12426
-11689
-11110
-10581
 -9996
 -9422
 -8922
 -8378
 -7626
 -6744
 -5955
 -5255
 -4541
 -3833
 -3058
 -2089
 -1106
  -406
   118
   772
  1525
  2181
  2751
  3334
  3969
  4656
  5369
  6161
  7066
  7907
  8578
  9244
  9977
 10607
 11088
 11568
 12142
 12779
 13382
 13886
 14344
 14833
 15297
 15599
 15771
 16033
 16471
 16891
 17084
 17074
 17051
 17182
 17511
 17938
 18325
 18589
 18695
 18620
 18375
 18085
 17864
 17677
 17496
 17344
 17163
 16890
 16608
 16395
 16199
 15921
 15497
 15024
 14618
 14202
 13823
 13641
 13434
 12914
 12187
 11477
 10864
 10280
  9596
  8843
  8152
  7523
  6904
  6263
  5541
  4756
  3975
  3214
  2522
  1945
  1389
   652
  -321
 -1337
 -2263
 -3103
 -3766
 -4227
 -4659
 -5184
 -5827
 -6596
 -7454
 -8290
 -9000
 -9645
-10393
-11198
-11813
-12211
-12660
-13219
-13626
-13794
-14011
-14478
-15040
-15500
-15860
-16188
-16532
-16932
-17335
-17592
-17696
-17865
-18147
-18258
-18083
-17875
-17863
-18016
-18137
-18103
-18019
-18034
-18052
-17846
-17435
-17069
-16866
-16702
-16442
-16135
-15826
-15346
-14645
-14016
-13630
-13328
-12964
-12497
-11898
-11189
-10383
 -9501
 -8757
 -8312
 -7915
 -7230
 -6343
 -5566
 -4955
 -4287
 -3405
 -2402
 -1519
  -927
  -561
  -120
   647
  1611
  2463
  3162
  3884
  4676
  5419
  6101
  6818
  7487
  8040
  8667
  9410
 10010
 10450
 10988
 11644
 12259
 12826
 13354
 13788
 14181
 14602
 15046
 15595
 16291
 16860
 17034
 16995
 17076
 17356
 17728
 18058
 18300
 18505
 18635
 18615
 18546
 18488
 18295
 18000
 17851
 17857
 17849
 17827
 17756
 17435
 16919
 16527
 16343
 16166
 15860
 15434
 14937
 14419
 13888
 13281
 12575
 11947
 11560
 11258
 10780
 10089
  9270
  8396
  7571
  6882
  6308
  5772
  5231
  4663
  4061
  3408
  2636
  1792
  1064
   440
  -267
 -1118
 -2000
 -2750
 -3366
 -4020
 -4832
 -5731
 -6490
 -6978
 -7426
 -8236
 -9428
-10485
-10924
-10980
-11331
-12135
-12972
-13564
-13962
-14290
-14604
-14930
-15324
-15780
-16178
-16466
-16670
-16830
-17035
-17291
-17506
-17697
-17998
-18435
-18748
-18667
-18367
-18159
-18012
-17862
-17890
-18068
-18004
-17589
-17227
-17176
-17150
-16825
-16276
-15723
-15301
-14996
-14579
-13960
-13359
-12852
-12318
-11787
-11316
-10789
-10121
 -9360
 -8606
 -7980
 -7560
 -7176
 -6537
 -5670
 -4837
 -4034
 -3124
 -2271
 -1665
 -1158
  -585
    10
   635
  1431
  2430
  3447
  4306
  5060
  5840
  6610
  7292
  7839
  8212
  8587
  9252
 10153
 10982
 11614
 12084
 12481
 12929
 13412
 13819
 14197
 14662
 15226
 15822
 16335
 16688
 16955
 17285
 17697
 18005
 18031
 17888
 17861
 18077
 18422
 18656
 18630
 18464
 18369
 18399
 18442
 18283
 17871
 17562
 17557
 17470
 16976
 16335
 15904
 15684
 15486
 15171
 14759
 14350
 13943
 13436
 12796
 12094
 11403
 10772
 10192
  9554
  8819
  8091
  7425
  6771
  6106
  5439
  4715
  3894
  3071
  2399
  1924
  1495
   878
    54
  -783
 -1543
 -2287
 -3071
 -3841
 -4478
 -5023
 -5665
 -6472
 -7375
 -8256
 -8876
 -9135
 -9377
 -9953
-10736
-11457
-12104
-12759
-13374
-13839
-14204
-14655
-15249
-15847
-16255
-16455
-16665
-16990
-17304
-17556
-17777
-17999
-18290
-18541
-18550
-18410
-18335
-18314
-18274
-18252
-18297
-18307
-18113
-17734
-17318
-16932
-16620
-16424
-16308
-16171
-15895
-15455
-14962
-14453
-13863
-13246
-12690
-12080
-11366
-10790
-10446
-10047
 -9458
 -8847
 -8241
 -7485
 -6573
 -5701
 -4994
 -4393
 -3833
 -3180
 -2247
 -1246
  -647
  -340
   258
  1295
  2396
  3251
  3873
  4473
  5224
  6089
  6875
  7452
  7907
  8430
  9099
  9807
 10366
 10777
 11283
 11943
 12501
 12919
 13424
 14018
 14581
 15113
 15606
 16096
 16658
 17156
 17392
 17440
 17478
 17531
 17662
 17932
 18122
 18039
 17878
 17866
 17930
 17932
 17907
 17886
 17812
 17724
 17688
 17665
 17568
 17274
 16782
 16292
 15956
 15723
 15448
 15029
 14440
 13778
 13222
 12823
 12478
 12061
 11484
 10809
 10207
  9691
  9104
  8324
  7413
  6585
  5948
  5427
  4893
  4203
  3367
  2578
  1898
  1221
   539
  -168
 -1034
 -1968
 -2685
 -3178
 -3768
 -4635
 -5590
 -6450
 -7244
 -7982
 -8649
 -9310
 -9935
-10470
-10996
-11496
-11887
-12280
-12786
-13340
-13823
-14227
-14657
-15116
-15526
-15952
-16437
-16896
-17261
-17491
-17625
-17745
-17780
-17690
-17700
-17934
-18181
-18255
-18216
-18183
-18175
-18144
-18081
-17995
-17819
-17494
-17066
-16621
-16215
-15843
-15483
-15172
-14900
-14602
-14280
-13942
-13516
-12969
-12435
-12068
-11776
-11310
-10541
 -9544
 -8541
 -7718
 -7022
 -6330
 -5647
 -4949
 -4203
 -3480
 -2725
 -1855
 -1024
  -310
   443
  1209
  1808
  2342
  3078
  4014
  4940
  5715
  6346
  6954
  7629
  8277
  8781
  9272
  9929
 10636
 11214
 11785
 12488
 13133
 13509
 13793
 14293
 14989
 15588
 15873
 15970
 16235
 16773
 17281
 17463
 17386
 17336
 17464
 17691
 17846
 17848
 17824
 17901
 18015
 18205
 18538
 18704
 18459
 18040
 17661
 17323
 17063
 16813
 16473
 16195
 16087
 15933
 15543
 14964
 14346
 13848
 13483
 13108
 12603
 11998
 11413
 10850
 10239
  9607
  8951
  8145
  7197
  6384
  5901
  5555
  5018
  4219
  3365
  2648
  2016
  1270
   358
  -517
 -1234
 -1935
 -2713
 -3487
 -4245
 -5030
 -5802
 -6571
 -7326
 -7951
 -8454
 -8959
 -9509
-10110
-10762
-11428
-12065
-12617
-13061
-13463
-13905
-14399
-14873
-15288
-15689
-16109
-16551
-16984
-17368
-17696
-17952
-18107
-18132
-18053
-17974
-17895
-17764
-17664
-17716
-17893
-17997
-17890
-17731
-17722
-17758
-17632
-17371
-17133
-16920
-16556
-15944
-15236
-14616
-14096
-13619
-13140
-12632
-12130
-11658
-11189
-10720
-10232
 -9682
 -9055
 -8401
 -7837
 -7345
 -6765
 -6006
 -5072
 -4088
 -3238
 -2521
 -1795
 -1049
  -325
   459
  1335
  2170
  2897
  3619
  4374
  5060
  5661
  6245
  6841
  7482
  8173
  8846
  9417
  9927
 10547
 11320
 12079
 12656
 13087
 13589
 14192
 14669
 14996
 15419
 15983
 16379
 16500
 16682
 17029
 17247
 17340
 17573
 17873
 18027
 18059
 18067
 18082
 18107
 18144
 18124
 17961
 17775
 17734
 17733
 17549
 17125
 16636
 16351
 16256
 16058
 15705
 15380
 15108
 14836
 14508
 13936
 13117
 12327
 11662
 11047
 10469
  9925
  9392
  8833
  8248
  7740
  7335
  6830
  6009
  4993
  4126
  3456
  2731
  1928
  1250
   688
    56
  -733
 -1498
 -1965
 -2286
 -2964
 -4075
 -5178
 -6010
 -6644
 -7200
 -7843
 -8652
 -9406
 -9908
-10295
-10833
-11590
-12386
-13012
-13497
-14030
-14641
-15147
-15422
-15529
-15593
-15712
-16005
-16549
-17181
-17562
-17645
-17791
-18175
-18515
-18595
-18525
-18440
-18364
-18302
-18232
-18110
-17893
-17610
-17355
-17159
-17033
-16929
-16691
-16285
-15845
-15463
-15107
-14745
-14384
-13966
-13416
-12746
-12052
-11447
-10958
-10498
 -9984
 -9390
 -8772
 -8242
 -7753
 -7090
 -6184
 -5244
 -4466
 -3798
 -3133
 -2467
 -1811
 -1142
  -462
   196
   879
  1649
  2506
  3478
  4483
  5302
  5860
  6352
  7053
  7997
  8943
  9741
 10428
 11018
 11495
 11864
 12120
 12308
 12582
 13055
 13645
 14208
 14703
 15180
 15680
 16196
 16656
 17030
 17391
 17723
 17888
 17913
 17982
 18113
 18167
 18146
 18186
 18294
 18380
 18431
 18420
 18235
 17918
 17692
 17594
 17392
 16958
 16489
 16211
 16068
 15840
 15364
 14620
 13770
 13087
 12710
 12526
 12369
 12094
 11579
 10858
 10108
  9443
  8858
  8320
  7774
  7133
  6397
  5645
  4916
  4173
  3342
  2440
  1615
   975
   394
  -316
 -1087
 -1777
 -2484
 -3287
 -4052
 -4702
 -5311
 -5968
 -6727
 -7565
 -8466
 -9416
-10263
-10831
-11135
-11330
-11677
-12355
-13145
-13692
-13979
-14196
-14503
-14970
-15493
-15915
-16237
-16577
-17011
-17508
-17906
-18021
-17918
-17882
-18028
-18206
-18264
-18186
-18048
-17911
-17806
-17797
-17825
-17729
-17557
-17436
-17290
-17080
-16967
-16988
-16847
-16283
-15460
-14724
-14187
-13768
-13359
-12846
-12228
-11618
-11076
-10645
-10285
 -9754
 -8923
 -7959
 -7056
 -6312
 -5746
 -5211
 -4521
 -3713
 -2907
 -2110
 -1338
  -684
  -111
   531
  1264
  2021
  2803
  3570
  4267
  5023
  5925
  6752
  7349
  7896
  8554
  9232
  9867
 10548
 11227
 11792
 12403
 13191
 13920
 14405
 14748
 15006
 15182
 15429
 15889
 16452
 16839
 16992
 17177
 17548
 17924
 18106
 18090
 17980
 17893
 17897
 18027
 18271
 18403
 18188
 17824
 17682
 17662
 17444
 17121
 16934
 16863
 16807
 16686
 16463
 16174
 15756
 15195
 14703
 14320
 13841
 13207
 12517
 11825
 11188
 10655
 10114
  9484
  8832
  8176
  7490
  6768
  5997
  5219
  4483
  3773
  3062
  2316
  1552
   931
   497
   -26
  -810
 -1679
 -2517
 -3382
 -4257
 -5063
 -5757
 -6397
 -7004
 -7447
 -7755
 -8213
 -8962
 -9798
-10517
-11187
-11880
-12529
-13174
-13893
-14533
-14909
-15110
-15353
-15738
-16193
-16604
-16938
-17223
-17491
-17737
-17962
-18186
-18326
-18359
-18508
-18807
-18896
-18655
-18459
-18453
-18325
-17957
-17495
-17022
-16665
-16535
-16504
-16361
-16058
-15716
-15375
-14963
-14477
-13922
-13282
-12659
-12215
-11966
-11736
-11287
-10542
 -9670
 -8827
 -8001
 -7215
 -6535
 -5956
 -5418
 -4817
 -4115
 -3370
 -2552
 -1685
  -953
  -375
   206
   867
  1657
  2505
  3208
  3842
  4686
  5706
  6707
  7612
  8289
  8639
  8838
  9184
  9843
 10688
 11384
 11814
 12220
 12763
 13351
 13922
 14470
 14913
 15224
 15505
 15802
 16086
 16392
 16758
 17126
 17437
 17643
 17760
 17919
 18204
 18531
 18732
 18750
 18718
 18744
 18734
 18565
 18252
 17879
 17576
 17421
 17277
 17012
 16721
 16446
 16041
 15530
 15160
 14934
 14523
 13790
 13018
 12469
 12056
 11616
 11141
 10656
 10188
  9753
  9223
  8511
  7764
  7043
  6207
  5281
  4442
  3646
  2763
  1975
  1507
  1155
   561
  -282
 -1168
 -2000
 -2742
 -3362
 -3961
 -4750
 -5785
 -6793
 -7424
 -7778
 -8308
 -9117
 -9934
-10665
-11368
-12059
-12720
-13211
-13464
-13722
-14192
-14721
-15133
-15474
-15755
-15911
-16106
-16537
-17028
-17287
-17368
-17523
-17779
-17982
-18107
-18215
-18353
-18595
-18852
-18813
-18424
-18038
-17890
-17823
-17617
-17307
-17037
-16757
-16340
-15870
-15518
-15203
-14724
-14131
-13595
-13080
-12455
-11760
-11176
-10762
-10382
 -9945
 -9491
 -8949
 -8228
 -7476
 -6852
 -6229
 -5449
 -4621
 -3880
 -3189
 -2535
 -1871
 -1022
   -18
   885
  1647
  2424
  3171
  3726
  4182
  4751
  5439
  6101
  6721
  7421
  8208
  8991
  9718
 10320
 10794
 11268
 11783
 12296
 12875
 13571
 14271
 14824
 15208
 15474
 15568
 15511
 15611
 16085
 16748
 17352
 17749
 17886
 17927
 18052
 18203
 18202
 17986
 17812
 17971
 18300
 18432
 18322
 18131
 17850
 17362
 16791
 16429
 16336
 16310
 16212
 16044
 15818
 15512
 15078
 14490
 13828
 13233
 12763
 12377
 11955
 11360
 10585
  9744
  8871
  7985
  7286
  6865
  6441
  5807
  5106
  4449
  3703
  2811
  1967
  1251
   479
  -386
 -1171
 -1861
 -2513
 -3128
 -3803
 -4573
 -5350
 -6125
 -6892
 -7599
 -8221
 -8746
 -9225
 -9762
-10376
-11026
-11676
-12256
-12804
-13437
-14106
-14648
-14986
-15246
-15698
-16386
-17025
-17389
-17540
-17671
-17879
-18066
-18137
-18229
-18479
-18707
-18721
-18610
-18426
-18144
-17974
-18086
-18276
-18248
-17957
-17562
-17232
-16988
-16723
-16417
-16113
-15735
-15256
-14751
-14246
-13815
-13476
-12998
-12327
-11759
-11298
-10647
 -9898
 -9363
 -8970
 -8417
 -7654
 -6860
 -6119
 -5357
 -4476
 -3501
 -2610
 -1949
 -1402
  -692
   221
  1091
  1809
  2474
  3083
  3641
  4311
  5066
  5642
  6086
  6767
  7725
  8531
  8974
  9345
  9919
 10624
 11304
 11970
 12683
 13389
 13946
 14307
 14573
 14849
 15208
 15745
 16491
 17285
 17790
 17818
 17597
 17467
 17563
 17822
 18058
 18173
 18248
 18395
 18667
 18943
 18906
 18486
 18052
 17858
 17791
 17710
 17588
 17454
 17257
 16796
 16076
 15476
 15199
 14974
 14524
 13957
 13519
 13212
 12783
 12054
 11157
 10334
  9667
  9106
  8586
  8070
  7532
  6917
  6224
  5509
  4760
  3997
  3285
  2557
  1766
  1070
   548
     3
  -734
 -1591
 -2408
 -3157
 -3888
 -4567
 -5180
 -5874
 -6764
 -7736
 -8532
 -9055
 -9512
-10110
-10773
-11313
-11752
-12315
-13041
-13685
-14082
-14348
-14694
-15147
-15560
-15843
-16028
-16242
-16578
-16982
-17387
-17794
-18105
-18212
-18235
-18323
-18375
-18260
-18107
-18092
-18144
-18135
-18024
-17823
-17658
-17593
-17425
-16979
-16375
-15830
-15460
-15214
-14939
-14556
-14137
-13749
-13327
-12823
-12283
-11747
-11192
-10522
 -9709
 -8886
 -8138
 -7429
 -6711
 -6042
 -5558
 -5162
 -4557
 -3694
 -2806
 -2094
 -1539
  -941
  -204
   600
  1414
  2221
  3028
  3859
  4647
  5316
  5948
  6630
  7291
  7942
  8705
  9541
 10257
 10766
 11210
 11743
 12292
 12741
 13154
 13556
 13914
 14369
 15018
 15689
 16124
 16243
 16317
 16632
 17024
 17207
 17274
 17450
 17716
 17987
 18256
 18518
 18729
 18778
 18602
 18343
 18177
 18059
 17826
 17477
 17233
 17249
 17298
 17038
 16524
 16031
 15636
 15192
 14590
 13987
 13581
 13296
 12946
 12447
 11908
 11494
 11088
 10466
  9638
  8691
  7706
  6766
  5818
  4930
  4403
  4170
  3743
  3015
  2333
  1773
  1056
   114
  -866
 -1757
 -2521
 -3137
 -3678
 -4279
 -5002
 -5787
 -6514
 -7127
 -7749
 -8497
 -9228
 -9779
-10251
-10799
-11424
-12021
-12530
-13002
-13534
-14151
-14765
-15311
-15825
-16271
-16519
-16683
-16983
-17342
-17629
-17858
-17986
-18007
-17994
-17982
-18054
-18237
-18319
-18199
-18074
-18041
-17966
-17765
-17493
-17248
-17104
-17064
-17021
-16861
-16579
-16193
-15656
-14960
-14242
-13636
-13144
-12769
-12512
-12222
-11750
-11098
-10289
 -9371
 -8501
 -7837
 -7354
 -6860
 -6277
 -5643
 -4920
 -4098
 -3270
 -2528
 -1807
  -978
  -127
   574
  1205
  1939
  2768
  3595
  4405
  5213
  5913
  6442
  6954
  7562
  8225
  8930
  9666
 10352
 10926
 11379
 11759
 12194
 12839
 13679
 14454
 14971
 15402
 15925
 16379
 16611
 16715
 16778
 16816
 16913
 17145
 17476
 17798
 18015
 18169
 18382
 18581
 18556
 18328
 18106
 18001
 18026
 18108
 18035
 17719
 17374
 17250
 17317
 17269
 16899
 16315
 15665
 15006
 14401
 13898
 13541
 13259
 12757
 11965
 11232
 10700
 10174
  9589
  8980
  8302
  7625
  7066
  6547
  5992
  5426
  4793
  3959
  2921
  1929
  1212
   707
   227
  -409
 -1276
 -2136
 -2777
 -3411
 -4201
 -4963
 -5679
 -6531
 -7444
 -8235
 -8938
 -9572
-10018
-10381
-10944
-11693
-12360
-12806
-13185
-13732
-14359
-14790
-14993
-15171
-15558
-16176
-16723
-16940
-16910
-16920
-17211
-17759
-18285
-18554
-18568
-18502
-18522
-18654
-18757
-18609
-18178
-17776
-17677
-17756
-17726
-17493
-17113
-16626
-16101
-15656
-15287
-14878
-14417
-14017
-13710
-13374
-12918
-12304
-11599
-11043
-10664
-10172
 -9460
 -8660
 -7896
 -7289
 -6856
 -6397
 -5741
 -4954
 -4204
 -3537
 -2810
 -1914
  -918
    68
   947
  1646
  2233
  2904
  3752
  4624
  5337
  5928
  6492
  7015
  7505
  8060
  8760
  9554
 10316
 11028
 11801
 12596
 13166
 13419
 13598
 13955
 14507
 15116
 15674
 16160
 16594
 16932
 17172
 17425
 17692
 17893
 18075
 18255
 18375
 18487
 18610
 18639
 18588
 18562
 18510
 18361
 18217
 18136
 17986
 17679
 17366
 17193
 17062
 16837
 16530
 16201
 15819
 15312
 14718
 14164
 13681
 13240
 12815
 12408
 12061
 11631
 10929
 10123
  9424
  8695
  7826
  6998
  6309
  5608
  4859
  4175
  3537
  2888
  2223
  1518
   780
    10
  -789
 -1637
 -2540
 -3345
 -3990
 -4703
 -5594
 -6427
 -7032
 -7513
 -8002
 -8556
 -9240
-10018
-10717
-11362
-12086
-12742
-13210
-13653
-14185
-14708
-15076
-15274
-15485
-15921
-16517
-16978
-17167
-17199
-17223
-17296
-17459
-17721
-17957
-18024
-17991
-18041
-18221
-18427
-18550
-18533
-18389
-18173
-17877
-17478
-17087
-16823
-16638
-16382
-15956
-15406
-14881
-14479
-14192
-13946
-13664
-13291
-12748
-12013
-11275
-10650
 -9945
 -9136
 -8492
 -7980
 -7290
 -6375
 -5370
 -4407
 -3694
 -3260
 -2817
 -2181
 -1442
  -695
    25
   743
  1592
  2570
  3471
  4208
  4863
  5499
  6075
  6570
  7136
  7853
  8531
  9112
  9802
 10581
 11184
 11613
 12102
 12705
 13271
 13727
 14165
 14631
 15020
 15321
 15647
 15985
 16289
 16653
 17191
 17788
 18156
 18237
 18243
 18250
 18194
 18100
 18084
 18234
 18450
 18495
 18328
 18148
 18038
 17859
 17563
 17306
 17180
 17069
 16774
 16255
 15643
 15046
 14491
 14071
 13878
 13700
 13207
 12499
 11872
 11262
 10503
  9755
  9186
  8596
  7811
  7057
  6551
  6089
  5299
  4242
  3490
  3303
  3185
  2586
  1599
   638
  -243
 -1178
 -2058
 -2840
 -3697
 -4571
 -5247
 -5793
 -6443
 -7175
 -7770
 -8220
 -8718
 -9390
-10235
-11108
-11843
-12446
-13008
-13597
-14169
-14535
-14656
-14778
-15156
-15722
-16172
-16427
-16699
-17110
-17568
-17912
-18069
-18177
-18398
-18635
-18698
-18587
-18419
-18278
-18206
-18177
-18110
-17998
-17855
-17641
-17413
-17242
-17003
-16596
-16155
-15752
-15321
-14915
-14576
-14165
-13598
-13006
-12531
-12101
-11505
-10687
 -9855
 -9168
 -8551
 -7973
 -7443
 -6848
 -6170
 -5466
 -4633
 -3685
 -2956
 -2549
 -2100
 -1383
  -601
    62
   683
  1345
  2041
  2800
  3661
  4569
  5425
  6153
  6802
  7536
  8347
  9053
  9629
 10174
 10692
 11182
 11735
 12370
 12943
 13390
 13851
 14377
 14827
 15159
 15502
 15949
 16440
 16865
 17149
 17262
 17309
 17491
 17858
 18223
 18370
 18355
 18426
 18620
 18733
 18651
 18428
 18168
 17978
 17882
 17813
 17730
 17577
 17276
 16845
 16394
 16028
 15740
 15380
 14896
 14434
 13981
 13330
 12516
 11836
 11408
 11013
 10387
  9584
  8853
  8150
  7328
  6592
  6176
  5931
  5516
  4709
  3609
  2574
  1850
  1312
   683
  -119
  -998
 -1786
 -2368
 -2922
 -3709
 -4608
 -5333
 -5917
 -6586
 -7389
 -8248
 -9084
 -9794
-10330
-10757
-11205
-11796
-12484
-13105
-13565
-13921
-14270
-14585
-14841
-15147
-15581
-16089
-16519
-16813
-17156
-17587
-17789
-17737
-17874
-18311
-18645
-18607
-18383
-18312
-18449
-18563
-18502
-18311
-18083
-17902
-17810
-17742
-17576
-17220
-16709
-16253
-16021
-15889
-15618
-15131
-14491
-13740
-12936
-12207
-11595
-11025
-10489
-10053
 -9671
 -9183
 -8528
 -7811
 -7084
 -6273
 -5396
 -4595
 -3955
 -3400
 -2759
 -1953
 -1125
  -365
   430
  1286
  2117
  2927
  3711
  4386
  4982
  5589
  6241
  6971
  7766
  8512
  9106
  9578
 10056
 10640
 11363
 12162
 12878
 13374
 13666
 13926
 14294
 14725
 15110
 15509
 16045
 16616
 16967
 17121
 17322
 17561
 17649
 17616
 17698
 18017
 18380
 18508
 18432
 18348
 18304
 18286
 18209
 17952
 17580
 17253
 17034
 16874
 16649
 16334
 16069
 15871
 15558
 15057
 14539
 14186
 13882
 13370
 12705
 12081
 11537
 11018
 10384
  9569
  8714
  7976
  7446
  7024
  6455
  5666
  4797
  3929
  3107
  2415
  1849
  1299
   677
   -82
  -972
 -1876
 -2692
 -3410
 -4072
 -4754
 -5503
 -6304
 -7069
 -7680
 -8138
 -8564
 -9028
 -9517
-10091
-10830
-11582
-12169
-12744
-13463
-14167
-14680
-15060
-15397
-15697
-16039
-16528
-17052
-17415
-17580
-17613
-17682
-17906
-18149
-18240
-18184
-18080
-18064
-18184
-18315
-18335
-18310
-18317
-18207
-17839
-17356
-17048
-17016
-17003
-16668
-16033
-15442
-15120
-14940
-14600
-13966
-13291
-12889
-12655
-12266
-11566
-10604
 -9628
 -8883
 -8297
 -7684
 -7032
 -6303
 -5398
 -4497
 -3893
 -3530
 -3127
 -2520
 -1733
  -937
  -224
   479
  1198
  1941
  2763
  3669
  4598
  5424
  6077
  6703
  7408
  8082
  8672
  9219
  9704
 10154
 10694
 11404
 12212
 12955
 13504
 13916
 14383
 14915
 15318
 15588
 15952
 16481
 17010
 17443
 17761
 17880
 17842
 17846
 17990
 18185
 18313
 18369
 18387
 18354
 18220
 17962
 17687
 17559
 17616
 17725
 17691
 17480
 17211
 16953
 16720
 16481
 16123
 15568
 14925
 14360
 13902
 13420
 12797
 12116
 11533
 10975
 10285
  9551
  8992
  8649
  8270
  7598
  6718
  5889
  5205
  4603
  4015
  3379
  2557
  1537
   530
  -320
  -997
 -1527
 -2020
 -2611
 -3350
 -4185
 -5004
 -5778
 -6619
 -7533
 -8254
 -8662
 -8986
 -9351
 -9726
-10213
-10921
-11786
-12669
-13429
-13979
-14329
-14557
-14792
-15117
-15510
-15908
-16278
-16644
-17044
-17449
-17744
-17850
-17840
-17870
-17998
-18154
-18230
-18247
-18328
-18377
-18207
-17917
-17745
-17732
-17699
-17492
-17130
-16675
-16226
-15907
-15674
-15336
-14823
-14311
-13971
-13699
-13280
-12724
-12154
-11505
-10753
-10087
 -9512
 -8819
 -8044
 -7377
 -6829
 -6326
 -5771
 -5040
 -4120
 -3138
 -2258
 -1598
 -1095
  -558
    32
   636
  1420
  2446
  3470
  4324
  5006
  5564
  6180
  6950
  7703
  8351
  9013
  9732
 10375
 10805
 11082
 11492
 12218
 13053
 13693
 14136
 14482
 14760
 15054
 15422
 15815
 16204
 16549
 16825
 17144
 17526
 17879
 18224
 18532
 18570
 18314
 18109
 18175
 18362
 18419
 18274
 18086
 17955
 17828
 17690
 17460
 17047
 16642
 16424
 16201
 15760
 15211
 14788
 14530
 14251
 13804
 13241
 12603
 11885
 11253
 10839
 10464
  9895
  9153
  8361
  7554
  6788
  6161
  5606
  4955
  4200
  3488
  2878
  2224
  1373
   474
  -203
  -728
 -1384
 -2190
 -2944
 -3574
 -4151
 -4790
 -5601
 -6553
 -7430
 -8059
 -8561
 -9202
-10014
-10838
-11579
-12192
-12658
-13072
-13541
-14042
-14510
-14924
-15269
-15566
-15885
-16185
-16342
-16464
-16818
-17403
-17910
-18101
-18110
-18159
-18188
-18113
-18030
-17988
-17975
-18027
-18111
-18115
-18028
-17894
-17683
-17402
-17087
-16769
-16579
-16514
-16260
-15673
-14973
-14353
-13866
-13493
-13143
-12719
-12176
-11502
-10771
-10118
 -9513
 -8845
 -8190
 -7620
 -6985
 -6173
 -5299
 -4534
 -3908
 -3276
 -2532
 -1748
  -981
  -240
   458
  1189
  2022
  2896
  3752
  4527
  5180
  5839
  6577
  7216
  7691
  8189
  8819
  9584
 10467
 11314
 11982
 12496
 12859
 13083
 13395
 13946
 14589
 15144
 15627
 16142
 16627
 16906
 17027
 17180
 17379
 17557
 17726
 17863
 17933
 18014
 18136
 18204
 18208
 18219
 18170
 18013
 17919
 17963
 17965
 17796
 17508
 17182
 16922
 16767
 16544
 16088
 15498
 14978
 14540
 14052
 13535
 13103
 12746
 12352
 11843
 11179
 10366
  9554
  8901
  8346
  7737
  6989
  6106
  5253
  4607
  4104
  3559
  2895
  2118
  1254
   410
  -292
  -881
 -1500
 -2184
 -2873
 -3548
 -4221
 -4943
 -5743
 -6615
 -7563
 -8466
 -9127
 -9550
 -9914
-10386
-11027
-11770
-12437
-12914
-13331
-13862
-14413
-14811
-15101
-15337
-15523
-15785
-16208
-16705
-17204
-17686
-18049
-18157
-18004
-17766
-17714
-17945
-18251
-18391
-18320
-18139
-17911
-17645
-17435
-17376
-17368
-17254
-16978
-16595
-16217
-15907
-15666
-15455
-15187
-14831
-14441
-13989
-13343
-12509
-11756
-11228
-10712
-10124
 -9599
 -9011
 -8187
 -7301
 -6635
 -6248
 -5906
 -5305
 -4396
 -3303
 -2129
 -1031
  -194
   330
   701
  1268
  2204
  3259
  4154
  4831
  5400
  6052
  6812
  7512
  8072
  8543
  8968
  9423
 10121
 11077
 11954
 12567
 13093
 13662
 14190
 14622
 14982
 15296
 15627
 16023
 16460
 16875
 17239
 17550
 17752
 17862
 18022
 18286
 18541
 18632
 18506
 18258
 18022
 17916
 17964
 18007
 17969
 17976
 17999
 17879
 17650
 17375
 16979
 16484
 16074
 15831
 15596
 15230
 14803
 14309
 13629
 12877
 12281
 11819
 11314
 10666
  9913
  9215
  8747
  8461
  8049
  7312
  6380
  5478
  4707
  4024
  3357
  2692
  1962
  1043
    24
  -818
 -1387
 -1888
 -2568
 -3453
 -4369
 -5167
 -5876
 -6577
 -7261
 -7904
 -8429
 -8767
 -9154
 -9880
-10771
-11482
-12009
-12532
-13049
-13488
