     0
    -8
   -13
   103
   -87
  -280
   783
  -610
 -1096
  7991
  7334
-12339
-16249
  5466
 18450
  4147
-16074
-12866
  9165
 17728
   360
-17574
 -9881
 12298
 16503
 -3446
-18281
 -6312
 14901
 14353
 -7191
-18160
 -2414
 16881
 11444
-10672
-17142
  1455
 17947
  8138
-13629
-15397
  5393
 18313
  4454
-15954
-12986
  9064
 17927
   588
-17578
 -9999
 12158
 16520
 -3261
-18214
 -6435
 14825
 14418
 -7136
-18247
 -2650
 16867
 11797
-10518
-17311
  1337
 17921
  8208
-13571
-15596
  5157
 18391
  4735
-15839
-13176
  8795
 17827
   633
-17599
-10151
 11996
 16456
 -3145
-18075
 -6473
 14706
 14364
 -7068
-18223
 -2748
 16748
 11669
-10528
-17295
  1182
 17912
  8553
-13278
-15640
  4977
 18343
  4812
-15875
-13313
  8790
 17956
   863
-17365
-10183
 11791
 16406
 -3114
-18244
 -6769
 14615
 14524
 -6953
-18368
 -3048
 16598
 11823
-10346
-17448
   990
 17974
  8552
-13355
-15679
  4957
 18478
  5077
-15636
-13353
  8447
 17827
  1081
-17347
-10412
 11786
 16632
 -2939
-18186
 -6771
 14576
 14590
 -6687
-18110
 -3016
 16527
 11909
-10221
-17492
   824
 17928
  8769
-13167
-15739
  4718
 18288
  5200
-15491
-13513
  8287
 17923
  1340
-17196
-10573
 11649
 16784
 -2735
-18121
 -6942
 14507
 14891
 -6540
-18313
 -3293
 16351
 12037
 -9976
-17491
   700
 17894
  8865
-13100
-15921
  4521
 18326
  5278
-15488
-13558
  8228
 17959
  1477
-17020
