     4
   180
  1672
  6849
 16125
 25412
 30569
 31946
 31917
 31647
 31314
 30921
 30470
 29962
 29397
 28777
 28103
 27375
 26596
 25767
 24889
 23964
 22994
 21981
 20926
 19832
 18700
 17533
 16333
 15102
 13843
 12558
 11248
  9918
  8569
  7204
  5825
  4436
  3038
  1634
   227
 -1180
 -2586
 -3986
 -5378
 -6761
 -8131
 -9485
-10822
-12138
-13431
-14699
-15940
-17150
-18328
-19471
-20577
-21645
-22672
-23656
-24596
-25489
-26334
-27129
-27874
-28565
-29203
-29786
-30313
-30782
-31194
-31546
-31839
-32072
-32245
-32357
-32407
-32397
-32325
-32193
-32000
-31746
-31433
-31060
-30629
-30140
-29594
-28993
-28337
-27627
-26865
-26052
-25191
-24282
-23327
-22328
-21287
-20206
-19086
-17931
-16742
-15521
-14271
-12995
-11693
-10370
 -9027
 -7667
 -6293
 -4906
 -3511
 -2109
  -703
   705
  2111
  3513
  4909
  6295
  7669
  9029
 10372
 11696
 12997
 14274
 15524
 16744
 17933
 19088
 20208
 21289
 22330
 23328
 24283
 25192
 26054
 26866
 27628
 28338
 28994
 29595
 30141
 30630
 31061
 31434
 31747
 32000
 32193
 32326
 32397
 32407
 32356
 32245
 32072
 31839
 31546
 31193
 30781
 30312
 29785
 29202
 28564
 27872
 27128
 26333
 25487
 24594
 23655
 22670
 21643
 20575
 19469
 18325
 17148
 15937
 14697
 13429
 12136
 10820
  9483
  8128
  6759
  5376
  3983
  2583
  1178
  -229
 -1636
 -3040
 -4438
 -5828
 -7206
 -8571
 -9920
-11251
-12560
-13845
-15104
-16335
-17535
-18702
-19833
-20928
-21982
-22996
-23966
-24890
-25768
-26597
-27376
-28104
-28778
-29398
-29963
-30471
-30922
-31314
-31648
-31921
-32135
-32288
-32380
-32411
-32380
-32289
-32137
-31924
-31651
-31319
-30927
-30477
-29969
-29406
-28786
-28112
-27385
-26607
-25778
-24901
-23977
-23008
-21995
-20941
-19847
-18716
-17549
-16350
-15119
-13861
-12575
-11267
 -9937
 -8588
 -7223
 -5845
 -4455
 -3057
 -1653
  -246
  1161
  2566
  3966
  5359
  6742
  8112
  9466
 10803
 12120
 13413
 14682
 15922
 17133
 18311
 19455
 20562
 21630
 22658
 23643
 24583
 25477
 26323
 27119
 27864
 28556
 29195
 29778
 30306
 30776
 31188
 31542
 31836
 32070
 32243
 32355
 32407
 32397
 32327
 32195
 32003
 31750
 31438
 31066
 30636
 30147
 29602
 29002
 28346
 27637
 26876
 26064
 25203
 24295
 23340
 22342
 21302
 20221
 19102
 17947
 16759
 15539
 14289
 13012
 11712
 10388
  9046
  7686
  6312
  4926
  3530
  2128
   722
  -685
 -2092
 -3494
 -4889
 -6276
 -7651
 -9011
-10354
-11677
-12979
-14256
-15506
-16727
-17917
-19073
-20192
-21274
-22315
-23315
-24270
-25180
-26042
-26855
-27618
-28328
-28985
-29587
-30134
-30624
-31056
-31429
-31743
-31997
-32191
-32324
-32396
-32407
-32358
-32247
-32075
-31842
-31550
-31198
-30788
-30319
-29793
-29211
-28573
-27882
-27139
-26344
-25499
-24607
-23668
-22684
-21658
-20591
-19484
-18342
-17164
-15954
-14715
-13447
-12154
-10838
 -9502
 -8147
 -6778
 -5395
 -4003
 -2603
 -1198
   210
  1617
  3020
  4419
  5809
  7187
  8553
  9902
 11232
 12542
 13827
 15087
 16318
 17519
 18686
 19818
 20913
 21968
 22982
 23952
 24878
 25756
 26586
 27366
 28094
 28769
 29390
 29955
 30465
 30916
 31309
 31644
 31918
 32132
 32286
 32379
 32411
 32381
 32291
 32140
 31928
 31655
 31324
 30933
 30484
 29977
 29414
 28795
 28122
 27396
 26618
 25790
 24914
 23990
 23021
 22009
 20956
 19862
 18732
 17566
 16367
 15137
 13878
 12593
 11285
  9955
  8607
  7242
  5864
  4474
  3077
  1673
   266
 -1141
 -2547
 -3947
 -5340
 -6723
 -8093
 -9448
-10785
-12102
-13396
-14664
-15905
-17116
-18295
-19439
-20547
-21616
-22644
-23629
-24570
-25465
-26311
-27108
-27854
-28547
-29186
-29771
-30299
-30770
-31183
-31537
-31832
-32067
-32241
-32354
-32407
-32398
-32328
-32198
-32006
-31754
-31443
-31072
-30642
-30154
-29610
-29010
-28355
-27647
-26887
-26076
-25215
-24307
-23354
-22356
-21316
-20236
-19118
-17964
-16776
-15556
-14307
-13030
-11730
-10407
 -9065
 -7705
 -6331
 -4945
 -3550
 -2148
  -742
   666
  2072
  3474
  4870
  6257
  7632
  8992
 10335
 11659
 12961
 14239
 15489
 16711
 17900
 19057
 20177
 21259
 22301
 23301
 24257
 25168
 26031
 26844
 27608
 28319
 28976
 29579
 30127
 30617
 31050
 31424
 31739
 31994
 32189
 32323
 32396
 32408
 32359
 32248
 32078
 31846
 31555
 31204
 30794
 30326
 29801
 29219
 28583
 27892
 27149
 26355
 25511
 24619
 23681
 22698
 21672
 20606
 19500
 18358
 17181
 15971
 14732
 13465
 12172
 10856
  9520
  8166
  6797
  5415
  4022
  2622
  1217
  -190
 -1597
 -3001
 -4399
 -5789
 -7168
 -8534
 -9883
-11214
-12524
-13810
-15070
-16301
-17502
-18670
-19803
-20898
-21954
-22968
-23939
-24865
-25744
-26575
-27355
-28084
-28760
-29382
-29948
-30458
-30910
-31304
-31639
-31915
-32130
-32284
-32378
-32411
-32382
-32293
-32142
-31931
-31660
-31329
-30939
-30490
-29984
-29422
-28804
-28132
-27407
-26630
-25802
-24926
-24003
-23035
-22024
-20971
-19878
-18748
-17582
-16384
-15154
-13896
-12612
-11303
 -9974
 -8626
 -7261
 -5883
 -4494
 -3096
 -1692
  -285
  1122
  2527
  3928
  5321
  6704
  8074
  9429
 10767
 12084
 13378
 14647
 15888
 17100
 18279
 19424
 20532
 21601
 22630
 23616
 24558
 25453
 26300
 27097
 27844
 28538
 29178
 29763
 30292
 30764
 31178
 31533
 31828
 32064
 32239
 32353
 32406
 32399
 32330
 32200
 32009
 31758
 31447
 31077
 30648
 30162
 29618
 29019
 28365
 27657
 26898
 26087
 25228
 24320
 23367
 22370
 21331
 20251
 19134
 17980
 16792
 15573
 14324
 13048
 11748
 10425
  9083
  7724
  6350
  4964
  3569
  2167
   761
  -646
 -2053
 -3455
 -4851
 -6238
 -7613
 -8973
-10317
-11641
-12943
-14221
-15472
-16694
-17884
-19041
-20162
-21244
-22287
-23288
-24244
-25155
-26019
-26833
-27597
-28309
-28968
-29571
-30120
-30611
-31044
-31419
-31735
-31991
-32186
-32321
-32395
-32408
-32360
-32250
-32080
-31850
-31559
-31209
-30800
-30333
-29808
-29228
-28592
-27902
-27160
-26367
-25524
-24632
-23695
-22712
-21687
-20621
-19516
-18374
-17197
-15988
-14749
-13482
-12190
-10875
 -9539
 -8185
 -6816
 -5434
 -4041
 -2641
 -1236
   171
  1578
  2982
  4380
  5770
  7149
  8515
  9865
 11196
 12506
 13792
 15052
 16284
 17486
 18654
 19787
 20883
 21939
 22954
 23926
 24853
 25732
 26564
 27345
 28074
 28751
 29373
 29941
 30451
 30904
 31299
 31635
 31911
 32127
 32283
 32377
 32411
 32383
 32294
 32145
 31934
 31664
 31334
 30944
 30497
 29992
 29430
 28813
 28141
 27417
 26640
 25814
 24939
 24017
 23049
 22038
 20986
 19893
 18764
 17599
 16400
 15171
 13914
 12630
 11322
  9993
  8645
  7280
  5902
  4513
  3115
  1712
   305
 -1102
 -2508
 -3908
 -5301
 -6685
 -8055
 -9411
-10748
-12066
-13360
-14630
-15871
-17083
-18263
-19408
-20517
-21587
-22616
-23603
-24545
-25440
-26288
-27087
-27834
-28528
-29169
-29755
-30285
-30758
-31172
-31528
-31825
-32061
-32237
-32352
-32406
-32399
-32331
-32202
-32012
-31762
-31452
-31083
-30655
-30169
-29626
-29028
-28374
-27668
-26909
-26099
-25240
-24333
-23381
-22384
-21346
-20267
-19150
-17996
-16809
-15590
-14342
-13066
-11766
-10444
 -9102
 -7743
 -6369
 -4984
 -3589
 -2187
  -781
   627
  2033
  3435
  4831
  6218
  7593
  8954
 10298
 11623
 12925
 14203
 15455
 16677
 17868
 19025
 20146
 21230
 22273
 23274
 24231
 25143
 26007
 26822
 27587
 28300
 28959
 29563
 30112
 30604
 31039
 31415
 31731
 31988
 32184
 32320
 32395
 32408
 32361
 32252
 32083
 31853
 31563
 31214
 30806
 30339
 29816
 29236
 28601
 27912
 27171
 26378
 25536
 24645
 23708
 22726
 21701
 20636
 19531
 18390
 17214
 16005
 14767
 13500
 12208
 10893
  9558
  8204
  6835
  5453
  4061
  2661
  1256
  -151
 -1558
 -2962
 -4361
 -5751
 -7130
 -8496
 -9846
-11177
-12488
-13774
-15035
-16267
-17469
-18638
-19772
-20868
-21925
-22941
-23913
-24840
-25721
-26552
-27334
-28065
-28742
-29365
-29933
-30444
-30898
-31294
-31631
-31908
-32125
-32281
-32376
-32410
-32384
-32296
-32147
-31938
-31668
-31339
-30950
-30503
-29999
-29438
-28822
-28151
-27427
-26652
-25826
-24951
-24030
-23063
-22052
-21000
-19909
-18780
-17615
-16417
-15189
-13931
-12648
-11340
-10011
 -8663
 -7299
 -5921
 -4532
 -3135
 -1732
  -325
  1083
  2488
  3889
  5282
  6665
  8036
  9392
 10730
 12047
 13342
 14612
 15854
 17067
 18247
 19392
 20502
 21572
 22602
 23589
 24532
 25428
 26277
 27076
 27824
 28519
 29161
 29747
 30278
 30751
 31167
 31524
 31821
 32058
 32235
 32351
 32406
 32400
 32332
 32204
 32015
 31766
 31457
 31088
 30661
 30176
 29634
 29036
 28384
 27678
 26919
 26110
 25252
 24346
 23394
 22399
 21360
 20282
 19165
 18013
 16826
 15607
 14359
 13084
 11784
 10463
  9121
  7762
  6389
  5003
  3608
  2206
   800
  -607
 -2014
 -3416
 -4812
 -6199
 -7574
 -8935
-10280
-11604
-12907
-14186
-15438
-16660
-17852
-19009
-20131
-21215
-22259
-23260
-24218
-25131
-25996
-26811
-27577
-28290
-28950
-29555
-30105
-30598
-31033
-31410
-31727
-31985
-32182
-32318
-32394
-32409
-32362
-32254
-32086
-31857
-31568
-31219
-30812
-30346
-29823
-29244
-28610
-27922
-27181
-26389
-25548
-24658
-23721
-22740
-21716
-20651
-19547
-18406
-17230
-16022
-14784
-13518
-12226
-10912
 -9576
 -8223
 -6854
 -5472
 -4080
 -2681
 -1276
   131
  1538
  2943
  4341
  5732
  7111
  8477
  9827
 11159
 12470
 13757
 15018
 16251
 17453
 18622
 19756
 20853
 21911
 22927
 23900
 24828
 25709
 26541
 27324
 28055
 28733
 29357
 29926
 30438
 30892
 31289
 31626
 31904
 32122
 32279
 32375
 32411
 32385
 32297
 32150
 31941
 31672
 31344
 30956
 30510
 30007
 29446
 28831
 28161
 27438
 26663
 25838
 24964
 24043
 23076
 22067
 21015
 19924
 18796
 17632
 16434
 15206
 13949
 12666
 11358
 10030
  8682
  7318
  5941
  4552
  3154
  1751
   344
 -1063
 -2469
 -3869
 -5263
 -6646
 -8017
 -9373
-10711
-12029
-13325
-14595
-15837
-17050
-18231
-19377
-20487
-21558
-22588
-23576
-24519
-25416
-26265
-27065
-27814
-28510
-29152
-29740
-30271
-30745
-31162
-31519
-31817
-32055
-32233
-32350
-32405
-32400
-32334
-32206
-32018
-31770
-31461
-31094
-30667
-30183
-29642
-29045
-28393
-27688
-26930
-26122
-25264
-24359
-23408
-22413
-21375
-20297
-19181
-18029
-16842
-15624
-14377
-13102
-11803
-10481
 -9140
 -7781
 -6408
 -5022
 -3627
 -2226
  -820
   588
  1994
  3397
  4793
  6180
  7555
  8917
 10261
 11586
 12889
 14168
 15420
 16644
 17835
 18993
 20116
 21200
 22244
 23247
 24205
 25118
 25984
 26800
 27566
 28280
 28941
 29547
 30098
 30591
 31027
 31405
 31723
 31981
 32180
 32317
 32393
 32409
 32363
 32256
 32089
 31861
 31572
 31225
 30818
 30353
 29831
 29253
 28619
 27932
 27192
 26401
 25560
 24670
 23735
 22754
 21730
 20666
 19562
 18422
 17247
 16039
 14802
 13536
 12244
 10930
  9595
  8242
  6873
  5492
  4100
  2700
  1295
  -112
 -1519
 -2923
 -4322
 -5712
 -7092
 -8458
 -9809
-11141
-12451
-13739
-15000
-16234
-17436
-18606
-19741
-20838
-21896
-22913
-23886
-24815
-25697
-26530
-27313
-28045
-28724
-29349
-29918
-30431
-30887
-31284
-31622
-31901
-32119
-32277
-32374
-32410
-32385
-32299
-32152
-31944
-31676
-31349
-30962
-30517
-30014
-29455
-28840
-28170
-27448
-26674
-25849
-24976
-24056
-23090
-22081
-21030
-19940
-18812
-17648
-16451
-15223
-13967
-12684
-11377
-10048
 -8701
 -7337
 -5960
 -4571
 -3174
 -1770
  -364
  1044
  2449
  3850
  5243
  6627
  7998
  9354
 10693
 12011
 13307
 14577
 15820
 17033
 18215
 19361
 20471
 21543
 22574
 23562
 24506
 25404
 26254
 27054
 27804
 28500
 29144
 29732
 30264
 30739
 31156
 31514
 31813
 32052
 32231
 32348
 32405
 32400
 32335
 32208
 32021
 31774
 31466
 31099
 30674
 30190
 29650
 29054
 28403
 27698
 26941
 26134
 25277
 24372
 23422
 22427
 21390
 20312
 19197
 18045
 16859
 15641
 14394
 13120
 11821
 10500
  9158
  7800
  6427
  5042
  3647
  2245
   839
  -568
 -1974
 -3377
 -4773
 -6161
 -7536
 -8898
-10243
-11568
-12871
-14151
-15403
-16627
-17819
-18978
-20100
-21185
-22230
-23233
-24192
-25106
-25972
-26789
-27556
-28271
-28933
-29539
-30090
-30585
-31022
-31400
-31719
-31978
-32177
-32315
-32393
-32409
-32364
-32258
-32091
-31864
-31577
-31230
-30824
-30360
-29839
-29261
-28629
-27942
-27203
-26412
-25572
-24683
-23748
-22768
-21745
-20681
-19578
-18438
-17263
-16056
-14819
-13553
-12262
-10948
 -9614
 -8261
 -6892
 -5511
 -4119
 -2720
 -1315
    92
  1499
  2904
  4303
  5693
  7073
  8440
  9790
 11122
 12433
 13721
 14983
 16217
 17420
 18590
 19725
 20823
 21882
 22899
 23873
 24802
 25685
 26519
 27303
 28035
 28715
 29340
 29911
 30424
 30881
 31279
 31618
 31897
 32117
 32276
 32373
 32410
 32386
 32301
 32155
 31948
 31681
 31354
 30968
 30523
 30021
 29463
 28849
 28180
 27458
 26685
 25861
 24989
 24069
 23104
 22095
 21045
 19955
 18827
 17664
 16468
 15240
 13984
 12702
 11395
 10067
  8720
  7356
  5979
  4590
  3193
  1790
   383
 -1024
 -2430
 -3830
 -5224
 -6608
 -7979
 -9336
-10674
-11993
-13289
-14560
-15803
-17017
-18198
-19345
-20456
-21528
-22560
-23549
-24494
-25392
-26242
-27044
-27794
-28491
-29135
-29724
-30257
-30733
-31151
-31510
-31810
-32049
-32229
-32347
-32405
-32401
-32336
-32211
-32024
-31777
-31471
-31105
-30680
-30197
-29658
-29062
-28412
-27708
-26952
-26145
-25289
-24385
-23435
-22441
-21405
-20328
-19213
-18061
-16876
-15659
-14412
-13138
-11839
-10518
 -9177
 -7819
 -6446
 -5061
 -3666
 -2265
  -859
   549
  1955
  3358
  4754
  6142
  7517
  8879
 10224
 11550
 12853
 14133
 15386
 16610
 17803
 18962
 20085
 21171
 22216
 23220
 24179
 25094
 25961
 26779
 27546
 28261
 28924
 29531
 30083
 30578
 31016
 31395
 31715
 31975
 32175
 32314
 32392
 32409
 32365
 32260
 32094
 31867
 31581
 31235
 30830
 30367
 29846
 29270
 28638
 27952
 27213
 26423
 25584
 24696
 23761
 22782
 21759
 20696
 19594
 18454
 17280
 16073
 14836
 13571
 12281
 10967
  9632
  8280
  6911
  5530
  4138
  2739
  1334
   -73
 -1480
 -2884
 -4283
 -5674
 -7054
 -8421
 -9772
-11104
-12415
-13704
-14966
-16200
-17403
-18574
-19710
-20808
-21867
-22885
-23860
-24790
-25673
-26508
-27292
-28026
-28706
-29332
-29903
-30417
-30875
-31274
-31613
-31894
-32114
-32274
-32373
-32410
-32387
-32302
-32157
-31951
-31685
-31359
-30973
-30530
-30029
-29471
-28857
-28190
-27469
-26696
-25873
-25001
-24082
-23118
-22110
-21060
-19970
-18843
-17681
-16485
-15258
-14002
-12720
-11413
-10086
 -8739
 -7375
 -5998
 -4610
 -3213
 -1809
  -403
  1005
  2410
  3811
  5205
  6589
  7960
  9317
 10656
 11975
 13271
 14542
 15786
 17000
 18182
 19330
 20441
 21514
 22546
 23536
 24481
 25380
 26231
 27033
 27784
 28482
 29127
 29716
 30250
 30727
 31145
 31505
 31806
 32046
 32227
 32346
 32404
 32402
 32338
 32213
 32027
 31781
 31476
 31110
 30686
 30204
 29666
 29071
 28421
 27718
 26963
 26157
 25301
 24398
 23449
 22455
 21419
 20343
 19228
 18078
 16892
 15676
 14429
 13156
 11857
 10536
  9196
  7838
  6465
  5080
  3686
  2284
   878
  -529
 -1935
 -3338
 -4735
 -6122
 -7498
 -8860
-10205
-11531
-12835
-14115
-15369
-16593
-17786
-18946
-20070
-21156
-22202
-23206
-24166
-25081
-25949
-26768
-27536
-28252
-28915
-29523
-30076
-30572
-31010
-31390
-31711
-31972
-32172
-32312
-32391
-32409
-32366
-32262
-32097
-31871
-31586
-31240
-30836
-30374
-29854
-29278
-28647
-27962
-27224
-26435
-25596
-24708
-23774
-22796
-21774
-20711
-19609
-18470
-17297
-16090
-14854
-13589
-12299
-10985
 -9651
 -8299
 -6931
 -5549
 -4158
 -2758
 -1354
    53
  1460
  2865
  4264
  5654
  7035
  8402
  9753
 11086
 12397
 13686
 14948
 16183
 17387
 18558
 19694
 20793
 21853
 22871
 23847
 24777
 25661
 26496
 27282
 28016
 28697
 29324
 29896
 30411
 30869
 31268
 31609
 31890
 32112
 32272
 32372
 32410
 32388
 32304
 32159
 31954
 31689
 31364
 30979
 30536
 30036
 29479
 28866
 28199
 27479
 26707
 25885
 25014
 24095
 23131
 22124
 21075
 19986
 18859
 17697
 16502
 15275
 14019
 12737
 11431
 10104
  8758
  7395
  6018
  4629
  3232
  1829
   422
  -985
 -2391
 -3792
 -5185
 -6570
 -7941
 -9298
-10637
-11956
-13253
-14525
-15769
-16983
-18166
-19314
-20426
-21499
-22532
-23522
-24468
-25368
-26220
-27022
-27773
-28473
-29118
-29708
-30243
-30720
-31140
-31501
-31802
-32044
-32225
-32345
-32404
-32402
-32339
-32215
-32030
-31785
-31480
-31116
-30693
-30211
-29674
-29080
-28431
-27728
-26974
-26168
-25313
-24411
-23462
-22469
-21434
-20358
-19244
-18094
-16909
-15693
-14447
-13173
-11875
-10555
 -9215
 -7857
 -6484
 -5100
 -3705
 -2304
  -898
   509
  1916
  3319
  4715
  6103
  7479
  8841
 10187
 11513
 12818
 14098
 15352
 16577
 17770
 18930
 20054
 21141
 22187
 23192
 24153
 25069
 25937
 26756
 27525
 28242
 28906
 29515
 30069
 30565
 31005
 31385
 31707
 31969
 32170
 32311
 32391
 32409
 32367
 32264
 32100
 31875
 31590
 31245
 30842
 30380
 29862
 29286
 28656
 27972
 27235
 26446
 25608
 24721
 23788
 22810
 21788
 20726
 19625
 18486
 17313
 16107
 14871
 13607
 12317
 11004
  9670
  8317
  6950
  5569
  4177
  2778
  1373
   -34
 -1441
 -2845
 -4244
 -5635
 -7016
 -8383
 -9734
-11067
-12379
-13668
-14931
-16166
-17370
-18542
-19679
-20778
-21838
-22858
-23834
-24765
-25649
-26485
-27271
-28006
-28688
-29315
-29888
-30404
-30863
-31263
-31605
-31887
-32109
-32270
-32370
-32410
-32388
-32305
-32162
-31957
-31693
-31368
-30985
-30543
-30044
-29487
-28875
-28209
-27490
-26718
-25896
-25026
-24108
-23145
-22138
-21090
-20001
-18875
-17714
-16518
-15292
-14037
-12755
-11450
-10123
 -8776
 -7414
 -6037
 -4649
 -3252
 -1848
  -442
   966
  2371
  3772
  5166
  6551
  7922
  9279
 10619
 11938
 13235
 14507
 15752
 16967
 18150
 19298
 20411
 21484
 22518
 23509
 24455
 25355
 26208
 27011
 27763
 28463
 29109
 29701
 30236
 30714
 31134
 31496
 31798
 32041
 32222
 32343
 32404
 32403
 32340
 32217
 32033
 31789
 31485
 31121
 30699
 30219
 29681
 29088
 28440
 27739
 26985
 26180
 25326
 24424
 23475
 22483
 21449
 20373
 19260
 18110
 16926
 15710
 14464
 13191
 11894
 10573
  9233
  7876
  6503
  5119
  3724
  2323
   917
  -490
 -1896
 -3299
 -4696
 -6084
 -7460
 -8823
-10168
-11495
-12800
-14080
-15334
-16560
-17754
-18914
-20039
-21126
-22173
-23179
-24140
-25056
-25925
-26745
-27515
-28233
-28897
-29507
-30061
-30559
-30999
-31381
-31703
-31965
-32168
-32309
-32390
-32410
-32368
-32266
-32102
-31878
-31594
-31251
-30848
-30387
-29869
-29295
-28665
-27982
-27245
-26457
-25620
-24734
-23801
-22823
-21803
-20741
-19640
-18502
-17330
-16124
-14888
-13625
-12335
-11022
 -9688
 -8336
 -6969
 -5588
 -4197
 -2797
 -1393
    14
  1421
  2826
  4225
  5616
  6997
  8364
  9715
 11049
 12361
 13650
 14914
 16149
 17354
 18526
 19663
 20763
 21824
 22844
 23820
 24752
 25637
 26474
 27261
 27996
 28679
 29307
 29880
 30397
 30857
 31258
 31601
 31883
 32106
 32268
 32370
 32410
 32389
 32307
 32164
 31961
 31697
 31373
 30991
 30549
 30051
 29495
 28884
 28219
 27500
 26729
 25908
 25038
 24121
 23159
 22152
 21104
 20017
 18891
 17730
 16535
 15309
 14055
 12773
 11468
 10141
  8795
  7433
  6056
  4668
  3271
  1868
   461
  -946
 -2352
 -3753
 -5147
 -6531
 -7903
 -9261
-10600
-11920
-13217
-14490
-15735
-16950
-18134
-19283
-20396
-21470
-22504
-23495
-24442
-25343
-26197
-27000
-27753
-28454
-29101
-29693
-30229
-30708
-31129
-31491
-31795
-32038
-32220
-32342
-32403
-32403
-32342
-32219
-32036
-31793
-31489
-31127
-30705
-30226
-29689
-29097
-28450
-27749
-26995
-26191
-25338
-24436
-23489
-22497
-21463
-20389
-19275
-18126
-16943
-15727
-14482
-13209
-11912
-10592
 -9252
 -7895
 -6523
 -5138
 -3744
 -2343
  -937
   470
  1877
  3280
  4677
  6065
  7441
  8804
 10150
 11477
 12782
 14063
 15317
 16543
 17737
 18898
 20024
 21111
 22159
 23165
 24127
 25044
 25914
 26734
 27505
 28223
 28888
 29499
 30054
 30553
 30993
 31376
 31699
 31962
 32165
 32308
 32389
 32410
 32369
 32267
 32105
 31882
 31599
 31256
 30854
 30394
 29877
 29303
 28675
 27992
 27256
 26469
 25632
 24746
 23814
 22837
 21817
 20756
 19656
 18518
 17346
 16141
 14906
 13642
 12353
 11040
  9707
  8355
  6988
  5607
  4216
  2817
  1412
     5
 -1402
 -2806
 -4206
 -5597
 -6977
 -8345
 -9697
-11030
-12343
-13633
-14896
-16132
-17337
-18510
-19647
-20748
-21809
-22830
-23807
-24739
-25625
-26462
-27250
-27986
-28669
-29299
-29873
-30390
-30851
-31253
-31596
-31880
-32103
-32266
-32369
-32410
-32390
-32309
-32167
-31964
-31701
-31378
-30996
-30556
-30058
-29503
-28893
-28228
-27510
-26740
-25920
-25051
-24134
-23172
-22167
-21119
-20032
-18907
-17746
-16552
-15327
-14072
-12791
-11486
-10160
 -8814
 -7452
 -6075
 -4687
 -3290
 -1887
  -481
   927
  2332
  3734
  5128
  6512
  7885
  9242
 10582
 11902
 13200
 14472
 15718
 16933
 18117
 19267
 20380
 21455
 22490
 23482
 24429
 25331
 26185
 26990
 27743
 28445
 29092
 29685
 30222
 30702
 31124
 31487
 31791
 32035
 32218
 32341
 32403
 32403
 32343
 32221
 32039
 31797
 31494
 31132
 30711
 30233
 29697
 29106
 28459
 27759
 27006
 26203
 25350
 24449
 23502
 22511
 21478
 20404
 19291
 18142
 16959
 15744
 14499
 13227
 11930
 10610
  9271
  7914
  6542
  5157
  3763
  2362
   957
  -451
 -1857
 -3260
 -4657
 -6045
 -7422
 -8785
-10131
-11458
-12764
-14045
-15300
-16526
-17721
-18882
-20008
-21096
-22145
-23151
-24114
-25032
-25902
-26723
-27494
-28213
-28879
-29491
-30047
-30546
-30988
-31371
-31695
-31959
-32163
-32306
-32389
-32410
-32370
-32269
-32108
-31885
-31603
-31261
-30860
-30401
-29884
-29312
-28684
-28001
-27266
-26480
-25644
-24759
-23827
-22851
-21832
-20771
-19671
-18535
-17363
-16158
-14923
-13660
-12371
-11059
 -9726
 -8374
 -7007
 -5627
 -4236
 -2836
 -1432
   -25
  1382
  2787
  4186
  5578
  6958
  8326
  9678
 11012
 12325
 13615
 14879
 16115
 17321
 18494
 19632
 20733
 21795
 22816
 23794
 24727
 25613
 26451
 27239
 27976
 28660
 29290
 29865
 30384
 30845
 31248
 31592
 31876
 32101
 32265
 32368
 32410
 32390
 32310
 32169
 31967
 31705
 31383
 31002
 30562
 30065
 29511
 28902
 28238
 27520
 26751
 25932
 25063
 24147
 23186
 22181
 21134
 20047
 18923
 17763
 16569
 15344
 14090
 12809
 11505
 10178
  8833
  7471
  6094
  4707
  3310
  1907
   501
  -907
 -2313
 -3714
 -5108
 -6493
 -7865
 -9223
-10563
-11884
-13182
-14455
-15701
-16917
-18101
-19251
-20365
-21441
-22476
-23468
-24417
-25319
-26173
-26979
-27733
-28435
-29084
-29677
-30215
-30695
-31118
-31482
-31787
-32032
-32216
-32340
-32402
-32404
-32344
-32224
-32042
-31800
-31499
-31137
-30718
-30240
-29705
-29114
-28468
-27769
-27017
-26214
-25362
-24462
-23516
-22525
-21492
-20419
-19307
-18159
-16976
-15761
-14517
-13245
-11948
-10629
 -9290
 -7933
 -6561
 -5177
 -3783
 -2382
  -976
   431
  1838
  3241
  4638
  6026
  7403
  8766
 10113
 11440
 12746
 14027
 15283
 16509
 17705
 18866
 19993
 21082
 22130
 23138
 24101
 25019
 25890
 26712
 27484
 28204
 28870
 29483
 30039
 30539
 30982
 31366
 31691
 31956
 32160
 32305
 32388
 32410
 32371
 32271
 32110
 31889
 31607
 31266
 30866
 30408
 29892
 29320
 28693
 28011
 27277
 26491
 25656
 24772
 23841
 22865
 21846
 20786
 19687
 18551
 17379
 16175
 14940
 13678
 12389
 11077
  9744
  8393
  7026
  5646
  4255
  2856
  1452
    44
 -1363
 -2767
 -4167
 -5558
 -6939
 -8307
 -9660
-10994
-12307
-13597
-14862
-16098
-17304
-18478
-19616
-20718
-21781
-22802
-23780
-24714
-25601
-26440
-27229
-27966
-28651
-29282
-29858
-30377
-30839
-31242
-31587
-31873
-32098
-32263
-32367
-32409
-32391
-32312
-32171
-31970
-31709
-31388
-31008
-30569
-30073
-29520
-28911
-28247
-27531
-26762
-25943
-25076
-24160
-23200
-22195
-21149
-20063
-18939
-17779
-16586
-15361
-14107
-12827
-11523
-10197
 -8852
 -7490
 -6114
 -4726
 -3329
 -1927
  -520
   887
  2293
  3695
  5089
  6474
  7847
  9204
 10545
 11866
 13164
 14437
 15683
 16900
 18085
 19236
 20350
 21426
 22462
 23455
 24404
 25307
 26162
 26968
 27723
 28426
 29075
 29669
 30208
 30689
 31113
 31478
 31783
 32029
 32214
 32338
 32402
 32404
 32345
 32226
 32045
 31804
 31503
 31143
 30724
 30247
 29713
 29123
 28478
 27779
 27028
 26226
 25374
 24475
 23529
 22539
 21507
 20434
 19323
 18175
 16992
 15778
 14534
 13263
 11966
 10647
  9308
  7952
  6580
  5196
  3802
  2401
   996
  -412
 -1818
 -3221
 -4619
 -6007
 -7384
 -8747
-10094
-11422
-12728
-14010
-15265
-16492
-17688
-18851
-19978
-21067
-22116
-23124
-24088
-25007
-25878
-26701
-27474
-28194
-28861
-29474
-30032
-30533
-30976
-31361
-31687
-31952
-32158
-32303
-32387
-32410
-32372
-32273
-32113
-31892
-31612
-31271
-30872
-30414
-29899
-29328
-28702
-28021
-27287
-26502
-25667
-24784
-23854
-22879
-21861
-20801
-19702
-18567
-17396
-16192
-14958
-13695
-12407
-11095
 -9763
 -8412
 -7045
 -5665
 -4274
 -2875
 -1471
   -64
  1343
  2748
  4147
  5539
  6920
  8288
  9641
 10975
 12289
 13579
 14844
 16081
 17288
 18462
 19601
 20703
 21766
 22788
 23767
 24701
 25589
 26429
 27218
 27957
 28642
 29274
 29850
 30370
 30833
 31237
 31583
 31869
 32095
 32261
 32366
 32409
 32392
 32313
 32174
 31974
 31713
 31393
 31013
 30576
 30080
 29528
 28920
 28257
 27541
 26773
 25955
 25088
 24173
 23213
 22209
 21164
 20078
 18955
 17795
 16602
 15378
 14125
 12845
 11541
 10215
  8870
  7509
  6133
  4745
  3349
  1946
   540
  -868
 -2274
 -3675
 -5070
 -6455
 -7828
 -9186
-10526
-11847
-13146
-14420
-15667
-16883
-18069
-19220
-20335
-21411
-22447
-23441
-24391
-25294
-26150
-26957
-27713
-28416
-29066
-29661
-30201
-30683
-31107
-31473
-31779
-32026
-32212
-32337
-32401
-32404
-32347
-32228
-32048
-31808
-31508
-31148
-30730
-30254
-29721
-29131
-28487
-27789
-27039
-26237
-25386
-24488
-23543
-22553
-21522
-20449
-19338
-18191
-17009
-15795
-14552
-13281
-11985
-10666
 -9327
 -7971
 -6599
 -5215
 -3822
 -2421
 -1015
   392
  1799
  3202
  4599
  5988
  7365
  8729
 10075
 11403
 12710
 13992
 15248
 16476
 17672
 18835
 19962
 21052
 22102
 23110
 24075
 24994
 25867
 26690
 27463
 28185
 28853
 29467
 30025
 30526
 30970
 31356
 31682
 31949
 32156
 32301
 32386
 32410
 32373
 32275
 32116
 31896
 31616
 31276
 30878
 30421
 29907
 29337
 28711
 28031
 27298
 26514
 25679
 24797
 23867
 22893
 21875
 20816
 19718
 18583
 17412
 16209
 14975
 13713
 12425
 11114
  9781
  8431
  7064
  5684
  4294
  2895
  1491
    84
 -1324
 -2728
 -4128
 -5520
 -6901
 -8270
 -9622
-10957
-12271
-13562
-14827
-16064
-17271
-18445
-19585
-20688
-21751
-22774
-23754
-24689
-25577
-26417
-27208
-27947
-28633
-29265
-29842
-30363
-30827
-31232
-31579
-31866
-32093
-32259
-32365
-32409
-32392
-32315
-32176
-31977
-31717
-31398
-31019
-30582
-30087
-29536
-28928
-28267
-27552
-26784
-25967
-25100
-24187
-23227
-22224
-21178
-20093
-18970
-17812
-16619
-15395
-14143
-12863
-11560
-10234
 -8889
 -7528
 -6152
 -4764
 -3368
 -1965
  -559
   848
  2254
  3656
  5050
  6436
  7809
  9167
 10508
 11829
 13128
 14402
 15649
 16867
 18052
 19204
 20319
 21397
 22433
 23428
 24378
 25282
 26139
 26946
 27703
 28407
 29058
 29653
 30193
 30676
 31102
 31468
 31776
 32023
 32210
 32336
 32401
 32405
 32348
 32230
 32051
 31812
 31512
 31154
 30736
 30261
 29728
 29140
 28496
 27799
 27049
 26249
 25399
 24501
 23556
 22568
 21536
 20464
 19354
 18207
 17026
 15812
 14569
 13298
 12003
 10684
  9346
  7990
  6618
  5235
  3841
  2440
  1035
  -373
 -1779
 -3183
 -4580
 -5969
 -7346
 -8710
-10057
-11385
-12692
-13975
-15231
-16459
-17655
-18819
-19947
-21037
-22088
-23097
-24062
-24982
-25855
-26679
-27453
-28175
-28844
-29458
-30017
-30520
-30965
-31351
-31678
-31946
-32153
-32300
-32386
-32410
-32374
-32277
-32118
-31899
-31620
-31282
-30884
-30428
-29915
-29345
-28720
-28041
-27308
-26525
-25691
-24809
-23880
-22907
-21890
-20831
-19734
-18599
-17429
-16226
-14993
-13731
-12443
-11132
 -9800
 -8450
 -7083
 -5703
 -4313
 -2914
 -1510
  -103
  1304
  2709
  4109
  5500
  6882
  8251
  9604
 10939
 12253
 13544
 14810
 16047
 17255
 18429
 19570
 20673
 21737
 22760
 23741
 24676
 25565
 26406
 27197
 27937
 28624
 29257
 29835
 30356
 30821
 31227
 31574
 31862
 32090
 32257
 32363
 32409
 32393
 32316
 32178
 31980
 31721
 31403
 31025
 30588
 30094
 29544
 28937
 28276
 27562
 26795
 25979
 25113
 24200
 23241
 22238
 21193
 20109
 18986
 17828
 16636
 15413
 14160
 12881
 11578
 10253
  8908
  7547
  6171
  4784
  3388
  1985
   579
  -829
 -2235
 -3636
 -5031
 -6416
 -7790
 -9148
-10490
-11811
-13110
-14385
-15632
-16850
-18036
-19188
-20304
-21382
-22419
-23414
-24365
-25270
-26127
-26935
-27692
-28398
-29049
-29646
-30186
-30670
-31096
-31464
-31771
-32020
-32207
-32334
-32400
-32405
-32349
-32232
-32054
-31815
-31517
-31159
-30742
-30268
-29736
-29148
-28506
-27809
-27060
-26260
-25411
-24513
-23570
-22582
-21551
-20480
-19370
-18223
-17042
-15829
-14587
-13316
-12021
-10703
 -9364
 -8009
 -6638
 -5254
 -3861
 -2460
 -1054
   353
  1760
  3163
  4561
  5949
  7327
  8691
 10038
 11367
 12674
 13957
 15214
 16442
 17639
 18803
 19931
 21022
 22073
 23083
 24049
 24970
 25843
 26668
 27442
 28165
 28835
 29450
 30010
 30513
 30959
 31346
 31674
 31943
 32151
 32298
 32385
 32410
 32375
 32278
 32121
 31903
 31625
 31287
 30890
 30435
 29922
 29353
 28729
 28050
 27319
 26536
 25703
 24822
 23894
 22920
 21904
 20846
 19749
 18615
 17445
 16243
 15010
 13749
 12461
 11151
  9819
  8469
  7102
  5723
  4332
  2934
  1530
   123
 -1285
 -2689
 -4089
 -5481
 -6863
 -8232
 -9585
-10920
-12235
-13526
-14792
-16030
-17238
-18413
-19554
-20658
-21723
-22746
-23727
-24664
-25553
-26395
-27186
-27927
-28615
-29249
-29827
-30350
-30815
-31222
-31570
-31859
-32087
-32255
-32362
-32409
-32394
-32318
-32181
-31983
-31725
-31407
-31030
-30595
-30102
-29552
-28946
-28286
-27572
-26806
-25990
-25125
-24212
-23254
-22252
-21208
-20124
-19002
-17844
-16653
-15430
-14178
-12899
-11596
-10271
 -8927
 -7566
 -6190
 -4803
 -3407
 -2005
  -598
   809
  2215
  3617
  5012
  6397
  7771
  9129
 10471
 11793
 13092
 14367
 15615
 16833
 18020
 19173
 20289
 21367
 22405
 23401
 24352
 25258
 26116
 26924
 27682
 28388
 29040
 29638
 30179
 30664
 31091
 31459
 31768
 32017
 32205
 32333
 32400
 32406
 32350
 32234
 32057
 31819
 31521
 31164
 30749
 30275
 29744
 29157
 28515
 27819
 27071
 26272
 25423
 24526
 23583
 22596
 21566
 20495
 19385
 18239
 17059
 15846
 14604
 13334
 12039
 10721
  9383
  8027
  6657
  5273
  3880
  2479
  1074
  -334
 -1740
 -3144
 -4541
 -5930
 -7308
 -8672
-10020
-11348
-12656
-13939
-15196
-16425
-17623
-18787
-19916
-21007
-22059
-23069
-24036
-24957
-25831
-26657
-27432
-28156
-28826
-29442
-30003
-30507
-30953
-31341
-31670
-31939
-32148
-32297
-32384
-32410
-32376
-32280
-32123
-31906
-31629
-31292
-30896
-30441
-29930
-29361
-28738
-28060
-27330
-26547
-25715
-24834
-23907
-22934
-21918
-20861
-19765
-18631
-17462
-16260
-15027
-13766
-12479
-11169
 -9837
 -8487
 -7121
 -5742
 -4352
 -2953
 -1549
  -142
  1265
  2670
  4070
  5462
  6844
  8213
  9566
 10902
 12216
 13508
 14775
 16013
 17222
 18397
 19538
 20643
 21708
 22732
 23714
 24651
 25541
 26383
 27176
 27917
 28605
 29240
 29819
 30343
 30809
 31216
 31566
 31855
 32084
 32253
 32361
 32408
 32394
 32319
 32183
 31986
 31729
 31412
 31036
 30602
 30109
 29560
 28955
 28295
 27582
 26817
 26002
 25137
 24225
 23268
 22266
 21223
 20139
 19018
 17861
 16670
 15447
 14195
 12917
 11614
 10290
  8946
  7585
  6210
  4823
  3427
  2024
   618
  -790
 -2196
 -3598
 -4993
 -6378
 -7752
 -9111
-10452
-11775
-13075
-14350
-15598
-16817
-18004
-19157
-20274
-21352
-22391
-23387
-24339
-25245
-26104
-26913
-27672
-28379
-29032
-29630
-30172
-30657
-31085
-31454
-31764
-32014
-32203
-32332
-32399
-32406
-32352
-32236
-32060
-31823
-31526
-31170
-30755
-30282
-29752
-29165
-28524
-27829
-27082
-26283
-25435
-24539
-23596
-22610
-21580
-20510
-19401
-18256
-17076
-15863
-14621
-13352
-12057
-10740
 -9402
 -8046
 -6676
 -5292
 -3899
 -2499
 -1093
   314
  1721
  3124
  4522
  5911
  7289
  8653
 10001
 11330
 12638
 13922
 15179
 16408
 17606
 18771
 19900
 20992
 22045
 23055
 24022
 24944
 25819
 26646
 27422
 28146
 28817
 29434
 29995
 30500
 30947
 31336
 31666
 31936
 32146
 32295
 32383
 32410
 32377
 32282
 32126
 31910
 31633
 31297
 30902
 30448
 29937
 29370
 28747
 28070
 27340
 26559
 25727
 24847
 23920
 22948
 21933
 20876
 19780
 18647
 17478
 16277
 15044
 13784
 12497
 11187
  9856
  8506
  7140
  5761
  4371
  2973
  1569
   162
 -1246
 -2651
 -4050
 -5443
 -6825
 -8194
 -9547
-10883
-12198
-13491
-14757
-15996
-17205
-18381
-19523
-20628
-21693
-22718
-23701
-24638
-25529
-26372
-27165
-27907
-28596
-29232
-29812
-30336
-30802
-31211
-31561
-31851
-32082
-32251
-32360
-32408
-32395
-32321
-32185
-31989
-31733
-31417
-31042
-30608
-30116
-29568
-28964
-28305
-27593
-26829
-26014
-25150
-24238
-23281
-22281
-21238
-20155
-19034
-17877
-16686
-15464
-14213
-12935
-11633
-10308
 -8964
 -7604
 -6229
 -4842
 -3446
 -2044
  -637
   770
  2176
  3578
  4973
  6359
  7733
  9092
 10434
 11756
 13057
 14332
 15581
 16800
 17987
 19141
 20259
 21338
 22377
 23374
 24326
 25233
 26093
 26903
 27662
 28369
 29023
 29622
 30165
 30651
 31080
 31449
 31760
 32011
 32201
 32330
 32399
 32406
 32353
 32238
 32062
 31827
 31531
 31175
 30761
 30289
 29759
 29174
 28533
 27839
 27092
 26294
 25447
 24552
 23610
 22624
 21595
 20525
 19417
 18272
 17092
 15881
 14639
 13370
 12075
 10758
  9421
  8065
  6695
  5312
  3919
  2518
  1113
  -294
 -1701
 -3105
 -4503
 -5892
 -7270
 -8634
 -9983
-11312
-12620
-13904
-15162